0.65756805,
0.65756805,
0.65756805,
0.65756805,
0.65756805,
0.65756805,
0.65756805,
0.65756805,
0.65756805,
0.65756805,
0.65756805,
0.65510888,
0.62055386,
0.48174648,
0.27867488,
0.18434000,
0.27063336,
0.51001789,
0.83893516,
1.03965215,
0.99194820,
0.83212191,
0.68895291,
0.65756805,
0.65756805,
0.65756805,
0.65756805,
0.65756805,
0.65756805,
0.65756805,
0.65756805,
0.65756805,
0.65756805,
0.65756805,
0.65756805,
0.65756805,
0.65756805,
0.65756805,
0.65756805,
0.65756805,
0.65756805,
0.63297888,
0.53823634,
0.38998351,
0.25881076,
0.04762995,
-0.29242502,
-0.52029836,
-0.41831725,
0.11092483,
0.91108926,
1.50133791,
1.51460634,
1.14746222,
0.75602718,
0.65756805,
0.65756805,
0.65756805,
0.65756805,
0.65756805,
0.65756805,
0.65756805,
0.65756805,
0.65756805,
0.65756805,
0.65756805,
0.65756805,
0.65756805,
0.65756805,
0.65756805,
0.65756805,
0.65756805,
0.65019118,
0.53940897,
0.16195357,
-0.36634863,
-0.64031948,
-0.57316993,
-0.52323461,
-0.67758812,
-0.73367324,
-0.33267315,
0.40752386,
1.21171336,
1.47590318,
1.14407879,
0.77222794,
0.65756805,
0.65756805,
0.65756805,
0.65756805,
0.65756805,
0.65756805,
0.65756805,
0.65756805,
0.65756805,
0.65756805,
0.65756805,
0.65756805,
0.65756805,
0.65756805,
0.65756805,
0.65756805,
0.65756805,
0.60207439,
0.31867348,
-0.35053904,
-1.04351382,
-1.33406719,
-1.21014223,
-0.94457763,
-0.89679760,
-0.77666138,
-0.43243342,
0.09241620,
0.77323414,
0.99856164,
0.75183003,
0.67809014,
0.65756805,
0.65756805,
0.65756805,
0.65756805,
0.65756805,
0.65756805,
0.65756805,
0.65756805,
0.65756805,
0.65756805,
0.65756805,
0.65756805,
0.65756805,
0.65756805,
0.65756805,
0.65756805,
0.65756805,
0.43892402,
-0.18910983,
-0.97222796,
-1.68456407,
-1.77135843,
-1.14702289,
-0.83614293,
-1.05498252,
-1.17183141,
-0.98268299,
-0.30390420,
0.56017680,
0.78220271,
0.53727992,
0.60018952,
0.65756805,
0.65756805,
0.65756805,
0.65756805,
0.65756805,
0.65756805,
0.65756805,
0.65756805,
0.65756805,
0.65756805,
0.65756805,
0.65756805,
0.65756805,
0.65756805,
0.65756805,
0.65756805,
0.56412972,
0.16632072,
-0.64728255,
-1.60738632,
-2.13985214,
-1.72544512,
-0.90527271,
-0.79075945,
-1.08459423,
-1.22512421,
-1.08028226,
-0.40944950,
0.38700171,
0.67155183,
0.55472730,
0.59961912,
0.65756805,
0.65756805,
0.65756805,
0.65756805,
0.65756805,
0.65756805,
0.65756805,
0.65756805,
0.65756805,
0.65756805,
0.65756805,
0.65756805,
0.65756805,
0.65756805,
0.65756805,
0.65756805,
0.54888613,
0.06056296,
-1.09036852,
-2.44091427,
-2.61427440,
-1.68253048,
-0.73946960,
-0.37792185,
-0.52798260,
-0.57645595,
-0.41104139,
0.03840340,
0.39464684,
0.56773263,
0.62624586,
0.62957828,
0.65756805,
0.65756805,
0.65756805,
0.65756805,
0.65756805,
0.65756805,
0.65756805,
0.65756805,
0.65756805,
0.65756805,
0.65756805,
0.65756805,
0.65756805,
0.65756805,
0.65756805,
0.65756805,
0.61364592,
0.04232988,
-1.49816231,
-3.06112004,
-3.07444509,
-1.25166887,
0.35027356,
0.34134362,
-0.23986329,
-0.45108954,
-0.18582639,
0.58996226,
0.99983588,
0.90419571,
0.79233252,
0.65756805,
0.65756805,
0.65756805,
0.65756805,
0.65756805,
0.65756805,
0.65756805,
0.65756805,
0.65756805,
0.65756805,
0.65756805,
0.65756805,
0.65756805,
0.65756805,
0.65756805,
0.65756805,
0.65756805,
0.61229490,
0.09757323,
-1.61153773,
-3.54868837,
-3.30285715,
-0.98329674,
0.72420196,
0.83497660,
0.12857755,
-0.44884371,
-0.18379452,
0.66011432,
1.32784344,
1.33599293,
0.98779616,
0.65756805,
0.65756805,
0.65756805,
0.65756805,
0.65756805,
0.65756805,
0.65756805,
0.65756805,
0.65756805,
0.65756805,
0.65756805,
0.65756805,
0.65756805,
0.65756805,
0.65756805,
0.65756805,
0.65756805,
0.64419967,
0.12981785,
-1.62997355,
-3.64042549,
-3.56459863,
-0.97440115,
0.92245002,
0.59960698,
-0.14005589,
-0.70536943,
-0.32991213,
0.57142531,
1.34939783,
1.37821510,
0.93669482,
0.65756805,
0.65756805,
0.65756805,
0.65756805,
0.65756805,
0.65756805,
0.65756805,
0.65756805,
0.65756805,
0.65756805,
0.65756805,
0.65756805,
0.65756805,
0.65756805,
0.65756805,
0.65756805,
0.65756805,
0.66860464,
0.34565816,
-1.18995102,
-3.41604744,
-3.85387911,
-1.84717506,
-0.05941632,
0.01585274,
-0.46850611,
-0.75386730,
-0.19035762,
0.70248251,
1.29663508,
1.10246356,
0.65820395,
0.65756805,
0.65756805,
0.65756805,
0.65756805,
0.65756805,
0.65756805,
0.65756805,
0.65756805,
0.65756805,
0.65756805,
0.65756805,
0.65756805,
0.65756805,
0.65756805,
0.65756805,
0.65756805,
0.65756805,
0.66819654,
0.55360215,
-0.58132957,
-2.78092520,
-3.83409942,
-2.74269900,
-1.23249008,
-0.82317061,
-1.01959632,
-0.79259911,
-0.22328855,
0.54187010,
1.10946853,
0.85681599,
0.47846599,
0.65756805,
0.65756805,
0.65756805,
0.65756805,
0.65756805,
0.65756805,
0.65756805,
0.65756805,
0.65756805,
0.65756805,
0.65756805,
0.65756805,
0.65756805,
0.65756805,
0.65756805,
0.65756805,
0.65756805,
0.65756805,
0.63385286,
-0.11500083,
-1.93365656,
-3.47150861,
-3.44768781,
-2.35276543,
-1.65531119,
-1.39106693,
-0.72358674,
0.04124914,
0.51997104,
0.81944775,
0.67654931,
0.50547437,
0.65756805,
0.65756805,
0.65756805,
0.65756805,
0.65756805,
0.65756805,
0.65756805,
0.65756805,
0.65756805,
0.65756805,
0.65756805,
0.65756805,
0.65756805,
0.65756805,
0.65756805,
0.65756805,
0.65756805,
0.65756805,
0.65109457,
0.08065918,
-1.54433877,
-3.20618300,
-3.76981426,
-3.02311177,
-2.18549253,
-1.51525121,
-0.29769971,
0.72040708,
0.79918808,
0.66517961,
0.58762593,
0.59819588,
0.65756805,
0.65756805,
0.65756805,
0.65756805,
0.65756805,
0.65756805,
0.65756805,
0.65756805,
0.65756805,
0.65756805,
0.65756805,
0.65756805,
0.65756805,
0.65756805,
0.65756805,
0.65756805,
0.65756805,
0.65756805,
0.60534379,
0.10996113,
-1.28166544,
-3.00098632,
-3.84488559,
-3.41046737,
-2.72729185,
-1.60829224,
0.22458418,
1.24959791,
1.25163470,
0.82190170,
0.59403905,
0.65756805,
0.65756805,
0.65756805,
0.65756805,
0.65756805,
0.65756805,
0.65756805,
0.65756805,
0.65756805,
0.65756805,
0.65756805,
0.65756805,
0.65756805,
0.65756805,
0.65756805,
0.65756805,
0.65756805,
0.65756805,
0.65756805,
0.50526390,
-0.04565107,
-1.20979599,
-2.86759985,
-3.64089054,
-3.20711015,
-2.83011910,
-1.90651051,
0.21476885,
1.52715742,
1.51245693,
0.98082036,
0.71304849,
0.65756805,
0.65756805,
0.65756805,
0.65756805,
0.65756805,
0.65756805,
0.65756805,
0.65756805,
0.65756805,
0.65756805,
0.65756805,
0.65756805,
0.65756805,
0.65756805,
0.65756805,
0.65756805,
0.65756805,
0.65756805,
0.65756805,
0.42413292,
-0.39219077,
-1.62096594,
-2.59947710,
-2.84705814,
-2.67643521,
-2.94210789,
-2.46331440,
-0.33588296,
1.29495776,
1.62346155,
1.20094388,
0.82350024,
0.65756805,
0.65756805,
0.65756805,
0.65756805,
0.65756805,
0.65756805,
0.65756805,
0.65756805,
0.65756805,
0.65756805,
0.65756805,
0.65756805,
0.65756805,
0.65756805,
0.65756805,
0.65756805,
0.65756805,
0.65756805,
0.65756805,
0.36977228,
-0.70081551,
-2.19636870,
-2.84128364,
-2.12561217,
-1.70769647,
-2.86634476,
-3.21097757,
-1.23015993,
0.95084483,
1.63216816,
1.34892739,
0.93221799,
0.65756805,
0.65756805,
0.65756805,
0.65756805,
0.65756805,
0.65756805,
0.65756805,
0.65756805,
0.65756805,
0.65756805,
0.65756805,
0.65756805,
0.65756805,
0.65756805,
0.65756805,
0.65756805,
0.65756805,
0.65756805,
0.65756805,
0.35215378,
-0.94228841,
-2.72643289,
-3.07805657,
-1.41599484,
-0.72073977,
-2.58451311,
-3.75290491,
-2.07720008,
0.51342693,
1.59234295,
1.44179257,
0.97824651,
0.65756805,
0.65756805,
0.65756805,
0.65756805,
0.65756805,
0.65756805,
0.65756805,
0.65756805,
0.65756805,
0.65756805,
0.65756805,
0.65756805,
0.65756805,
0.65756805,
0.65756805,
0.65756805,
0.65756805,
0.65756805,
0.65756805,
0.36315570,
-1.08332653,
-3.10235243,
-3.14158471,
-0.90574484,
-0.11745088,
-2.31311072,
-3.83263001,
-2.39926199,
0.18021824,
1.58425904,
1.49303871,
0.93565834,
0.65756805,
0.65756805,
0.65756805,
0.65756805,
0.65756805,
0.65756805,
0.65756805,
0.65756805,
0.65756805,
0.65756805,
0.65756805,
0.65756805,
0.65756805,
0.65756805,
0.65756805,
0.65756805,
0.65756805,
0.65756805,
0.65756805,
0.48613646,
-0.86497483,
-3.20836895,
-3.58920204,
-1.23706640,
-0.04089257,
-1.97952842,
-3.37036279,
-2.13728440,
0.06096222,
1.55670788,
1.42263668,
0.79340433,
0.65756805,
0.65756805,
0.65756805,
0.65756805,
0.65756805,
0.65756805,
0.65756805,
0.65756805,
0.65756805,
0.65756805,
0.65756805,
0.65756805,
0.65756805,
0.65756805,
0.65756805,
0.65756805,
0.65756805,
0.65756805,
0.65756805,
0.52621465,
-0.72461616,
-3.06114577,
-3.71793667,
-1.69014008,
-0.51065461,
-1.96373642,
-2.67414782,
-1.49983001,
0.07016019,
1.32362181,
1.11616254,
0.57567700,
0.65756805,
0.65756805,
0.65756805,
0.65756805,
0.65756805,
0.65756805,
0.65756805,
0.65756805,
0.65756805,
0.65756805,
0.65756805,
0.65756805,
0.65756805,
0.65756805,
0.65756805,
0.65756805,
0.65756805,
0.65756805,
0.65756805,
0.58652776,
-0.33175090,
-2.33475792,
-3.53440974,
-2.59826835,
-1.48108002,
-2.01483463,
-2.10898996,
-0.93669094,
0.24040518,
1.11878572,
0.84090074,
0.45935811,
0.65756805,
0.65756805,
0.65756805,
0.65756805,
0.65756805,
0.65756805,
0.65756805,
0.65756805,
0.65756805,
0.65756805,
0.65756805,
0.65756805,
0.65756805,
0.65756805,
0.65756805,
0.65756805,
0.65756805,
0.65756805,
0.65756805,
0.67710106,
0.09496709,
-1.55608844,
-2.95278806,
-2.55575046,
-1.77643221,
-2.26088200,
-1.95598855,
-0.60915308,
0.30503215,
0.84962468,
0.68808667,
0.49647356,
0.65756805,
0.65756805,
0.65756805,
0.65756805,
0.65756805,
0.65756805,
0.65756805,
0.65756805,
0.65756805,
0.65756805,
0.65756805,
0.65756805,
0.65756805,
0.65756805,
0.65756805,
0.65756805,
0.65756805,
0.65756805,
0.65756805,
0.64632519,
0.36558553,
-0.55407933,
-1.77836258,
-2.16106522,
-1.86009334,
-1.93377673,
-1.48516915,
-0.43769541,
0.25301882,
0.59260492,
0.60537082,
0.58219616,
0.65756805,
0.65756805,
0.65756805,
0.65756805,
0.65756805,
0.65756805,
0.65756805,
0.65756805,
0.65756805,
0.65756805,
0.65756805,
0.65756805,
0.65756805,
0.65756805,
0.65756805,
0.65756805,
0.65756805,
0.65756805,
0.65756805,
0.67149967,
0.53116900,
-0.09926261,
-1.10713370,
-1.49966726,
-1.23909637,
-1.08799907,
-0.58872385,
0.13771380,
0.50794986,
0.57002464,
0.59216710,
0.64569362,
0.65756805,
0.65756805,
0.65756805,
0.65756805,
0.65756805,
0.65756805,
0.65756805,
0.65756805,
0.65756805,
0.65756805,
0.65756805,
0.65756805,
0.65756805,
0.65756805,
0.65756805,
0.65756805,
0.65756805,
0.65756805,
0.65756805,
0.66591895,
0.64876098,
0.41733153,
-0.15518806,
-0.65740752,
-0.72146956,
-0.42982275,
0.06376261,
0.45470560,
0.60014218,
0.61009774,
0.62836380,
0.65756805,
0.65756805,
0.65756805,
0.65756805,
0.65756805,
0.65756805,
0.65756805,
0.65756805,
0.65756805,
0.65756805,
0.65756805,
0.65756805,
0.65756805,
0.65756805,
0.65756805,
0.65756805,
0.65756805,
0.65756805,
0.65756805,
0.65756805,
0.65756805,
0.66819654,
0.64701251,
0.48764233,
0.23624258,
0.11143507,
0.22918427,
0.45389745,
0.59402884,
0.63530314,
0.64406912,
0.65163083,
0.65756805,
0.65756805,
0.65756805,
0.65756805,
0.65756805,
0.65756805,
0.65756805,
0.65756805,
0.65756805,
0.65756805,
0.65756805,
0.65756805,
0.65756805,
0.65756805,
0.65756805,
0.65756805,
0.65756805,
0.65756805,
0.65756805,
0.65756805,
0.65756805,
0.65756805,
0.65756805,
0.65756805,
0.65756805,
0.65756805,
0.65756805,
0.65756805,
0.65756805,
0.65756805,
0.65756805,
0.65756805,
0.65756805,
0.65756805,
0.65756805,
0.65756805,
0.65756805,
0.65756805,
0.65756805,
0.65756805,
0.65756805,
0.65756805,
0.65756805,
0.65756805,
0.65756805,
0.65756805,
0.65756805,
0.65756805,
0.65756805,
0.65756805,
0.65756805,
0.65756805,
0.65756805,
0.65756805,
0.65756805,
0.65756805,
0.65756805,
0.65756805,
0.65756805,
0.65756805,
0.65756805,
0.65756805,
0.65756805,
0.65756805,
0.65756805,
0.65756805,
0.65756805,
0.65756805,
0.65756805,
0.65756805,
0.65756805,
0.65756805,
0.65756805,
0.65756805,
0.65756805,
0.65756805,
0.65756805,
0.65756805,
0.65756805,
0.65756805,
0.65756805,
0.65756805,
0.65756805,
0.65756805,
0.65756805,
0.65756805,
0.65756805,
0.65756805,
0.65756805,
0.65756805,
0.65756805,
0.65756805,
0.65756805,
0.65756805,
0.65756805,
0.65756805,
0.65756805,
0.65756805,
0.65756805,
0.65756805,
0.65756805,
0.65756805,
0.65756805,
0.65756805,
0.65756805,
0.65756805,
0.65756805,
0.65756805,
0.65756805,
0.65756805,
0.65756805,
0.65756805,
0.65756805,
0.65756805,
0.65756805,
0.65756805,
0.65756805,
0.65756805,
0.65756805,
0.65756805,
0.65756805,
0.65756805,
0.65756805,
0.65756805,
0.65756805,
0.65756805,
0.65756805,
0.65756805,
0.65756805,
0.65756805,
0.65756805,
0.65756805,
0.65756805,
0.65756805,
0.65756805,
0.65756805,
0.65756805,
0.65756805,
0.65756805,
0.65756805,
