0.32574330,
0.32574330,
0.32574330,
0.32574330,
0.32574330,
0.32574330,
0.32574330,
0.32574330,
0.32574330,
0.32574330,
0.32574330,
0.32682325,
0.34195369,
0.40354550,
0.50774546,
0.61391232,
0.66521807,
0.59153843,
0.42790983,
0.28925391,
0.20382336,
0.20754495,
0.29944133,
0.32574330,
0.32574330,
0.32574330,
0.32574330,
0.32574330,
0.32574330,
0.32574330,
0.32574330,
0.32574330,
0.32574330,
0.32574330,
0.32574330,
0.32574330,
0.32574330,
0.32574330,
0.32574330,
0.32574330,
0.32574330,
0.33654173,
0.37770297,
0.45346548,
0.55226413,
0.69803417,
0.88325355,
1.08585368,
1.25636093,
1.17740019,
0.85434098,
0.48732440,
0.20819275,
0.10923695,
0.26401243,
0.32574330,
0.32574330,
0.32574330,
0.32574330,
0.32574330,
0.32574330,
0.32574330,
0.32574330,
0.32574330,
0.32574330,
0.32574330,
0.32574330,
0.32574330,
0.32574330,
0.32574330,
0.32574330,
0.32574330,
0.32898288,
0.37525818,
0.53588038,
0.80844775,
1.13745006,
1.47214789,
1.68404973,
1.77524988,
1.83553091,
1.63705494,
1.13042557,
0.59545450,
0.26335502,
0.14627949,
0.25672035,
0.32574330,
0.32574330,
0.32574330,
0.32574330,
0.32574330,
0.32574330,
0.32574330,
0.32574330,
0.32574330,
0.32574330,
0.32574330,
0.32574330,
0.32574330,
0.32574330,
0.32574330,
0.32574330,
0.32574330,
0.34944108,
0.49563375,
0.87946978,
1.38525717,
1.88502369,
2.33842356,
2.47784190,
2.41046376,
2.04745553,
1.35992964,
0.55320700,
0.07139145,
-0.01763860,
0.18607762,
0.29367973,
0.32574330,
0.32574330,
0.32574330,
0.32574330,
0.32574330,
0.32574330,
0.32574330,
0.32574330,
0.32574330,
0.32574330,
0.32574330,
0.32574330,
0.32574330,
0.32574330,
0.32574330,
0.32574330,
0.32574330,
0.42639978,
0.81867011,
1.56240905,
2.40024405,
2.61652335,
2.22331548,
1.41845203,
0.65595189,
0.03794046,
-0.64441307,
-1.13049741,
-1.09769301,
-0.74392752,
-0.17336015,
0.23553816,
0.32574330,
0.32574330,
0.32574330,
0.32574330,
0.32574330,
0.32574330,
0.32574330,
0.32574330,
0.32574330,
0.32574330,
0.32574330,
0.32574330,
0.32574330,
0.32574330,
0.32574330,
0.32574330,
0.36677712,
0.59449422,
1.23945994,
2.12959698,
2.38622769,
1.82039423,
0.49116249,
-0.95300372,
-1.91424740,
-2.65508081,
-3.07384553,
-2.73702370,
-1.98726836,
-1.14536454,
-0.44032632,
0.17218722,
0.32574330,
0.32574330,
0.32574330,
0.32574330,
0.32574330,
0.32574330,
0.32574330,
0.32574330,
0.32574330,
0.32574330,
0.32574330,
0.32574330,
0.32574330,
0.32574330,
0.32574330,
0.32574330,
0.36495354,
0.83902969,
1.69980775,
2.09759854,
1.37848244,
-0.18757723,
-2.16521459,
-3.41767758,
-3.65403033,
-3.39679857,
-2.80837064,
-2.01054992,
-1.30285989,
-0.65930205,
-0.17549644,
0.18224954,
0.32574330,
0.32574330,
0.32574330,
0.32574330,
0.32574330,
0.32574330,
0.32574330,
0.32574330,
0.32574330,
0.32574330,
0.32574330,
0.32574330,
0.32574330,
0.32574330,
0.32574330,
0.32574330,
0.45794895,
1.06170978,
1.66340284,
1.35684909,
0.17762607,
-1.60951649,
-3.01144533,
-3.59091677,
-2.75815679,
-1.78626346,
-1.02582983,
-0.48381167,
-0.25855827,
-0.08538498,
0.19762672,
0.32574330,
0.32574330,
0.32574330,
0.32574330,
0.32574330,
0.32574330,
0.32574330,
0.32574330,
0.32574330,
0.32574330,
0.32574330,
0.32574330,
0.32574330,
0.32574330,
0.32574330,
0.32574330,
0.32574330,
0.50595574,
0.84075962,
1.02492988,
0.56171532,
-0.64229104,
-1.79527000,
-2.43521638,
-1.94695357,
-0.99916027,
0.09533598,
0.72977266,
0.70706035,
0.43141797,
0.18827241,
0.13992028,
0.32574330,
0.32574330,
0.32574330,
0.32574330,
0.32574330,
0.32574330,
0.32574330,
0.32574330,
0.32574330,
0.32574330,
0.32574330,
0.32574330,
0.32574330,
0.32574330,
0.32574330,
0.32574330,
0.32574330,
0.29802949,
0.37470978,
0.50198361,
0.30961320,
-0.28158543,
-0.90608127,
-1.27928768,
-0.64653784,
0.46206637,
1.39278558,
1.47893799,
0.89770764,
0.38133618,
0.14895883,
0.14367197,
0.32574330,
0.32574330,
0.32574330,
0.32574330,
0.32574330,
0.32574330,
0.32574330,
0.32574330,
0.32574330,
0.32574330,
0.32574330,
0.32574330,
0.32574330,
0.32574330,
0.32574330,
0.32574330,
0.32574330,
0.21837135,
0.22976593,
0.34082475,
0.29927065,
0.15655762,
-0.25262229,
-0.38122063,
0.36926409,
1.55879681,
2.02533064,
1.48795600,
0.43465659,
-0.04758558,
-0.04700556,
0.23497140,
0.32574330,
0.32574330,
0.32574330,
0.32574330,
0.32574330,
0.32574330,
0.32574330,
0.32574330,
0.32574330,
0.32574330,
0.32574330,
0.32574330,
0.32574330,
0.32574330,
0.32574330,
0.32574330,
0.32574330,
0.27594683,
0.30521530,
0.30712625,
0.24751386,
0.38279410,
0.07141505,
0.31844584,
0.96868896,
1.66048067,
1.20086200,
0.00007717,
-0.85473479,
-0.87240549,
-0.55114105,
-0.01023068,
0.32574330,
0.32574330,
0.32574330,
0.32574330,
0.32574330,
0.32574330,
0.32574330,
0.32574330,
0.32574330,
0.32574330,
0.32574330,
0.32574330,
0.32574330,
0.32574330,
0.32574330,
0.32574330,
0.32574330,
0.32574330,
0.26100633,
0.06384426,
0.01352977,
0.23109580,
0.31131422,
0.64944968,
0.71191576,
0.24499388,
-0.69321160,
-1.87744295,
-1.94508824,
-1.41756226,
-0.73468627,
-0.14953512,
0.32574330,
0.32574330,
0.32574330,
0.32574330,
0.32574330,
0.32574330,
0.32574330,
0.32574330,
0.32574330,
0.32574330,
0.32574330,
0.32574330,
0.32574330,
0.32574330,
0.32574330,
0.32574330,
0.32574330,
0.32574330,
0.14623251,
-0.12281838,
-0.06816538,
0.08885022,
0.31133607,
0.06990527,
-0.51643570,
-1.63479847,
-2.17226173,
-2.57445189,
-2.08312494,
-1.23651603,
-0.43224270,
0.02136293,
0.32574330,
0.32574330,
0.32574330,
0.32574330,
0.32574330,
0.32574330,
0.32574330,
0.32574330,
0.32574330,
0.32574330,
0.32574330,
0.32574330,
0.32574330,
0.32574330,
0.32574330,
0.32574330,
0.32574330,
0.32574330,
0.22448018,
0.07585173,
0.08871693,
0.37606931,
0.29377789,
-0.30943196,
-1.56402871,
-2.45559464,
-2.50893702,
-2.19233324,
-1.53039493,
-0.68719928,
-0.02983102,
0.32574330,
0.32574330,
0.32574330,
0.32574330,
0.32574330,
0.32574330,
0.32574330,
0.32574330,
0.32574330,
0.32574330,
0.32574330,
0.32574330,
0.32574330,
0.32574330,
0.32574330,
0.32574330,
0.32574330,
0.32574330,
0.32574330,
0.38386393,
0.57528973,
0.86448563,
1.06979916,
0.57419420,
-0.15157551,
-1.56156565,
-1.87631041,
-1.67950703,
-1.39273345,
-0.95611557,
-0.26440601,
0.24121045,
0.32574330,
0.32574330,
0.32574330,
0.32574330,
0.32574330,
0.32574330,
0.32574330,
0.32574330,
0.32574330,
0.32574330,
0.32574330,
0.32574330,
0.32574330,
0.32574330,
0.32574330,
0.32574330,
0.32574330,
0.32574330,
0.32574330,
0.51268264,
1.08403264,
1.70001049,
1.41711704,
0.58436500,
-0.45210406,
-1.08263811,
-1.27660756,
-0.99688578,
-0.99083840,
-0.57160078,
-0.09985648,
0.20963508,
0.32574330,
0.32574330,
0.32574330,
0.32574330,
0.32574330,
0.32574330,
0.32574330,
0.32574330,
0.32574330,
0.32574330,
0.32574330,
0.32574330,
0.32574330,
0.32574330,
0.32574330,
0.32574330,
0.32574330,
0.32574330,
0.32574330,
0.63384009,
1.28426419,
1.58972815,
0.91302483,
-0.24689643,
-1.29587362,
-1.49192423,
-1.08611975,
-0.69147018,
-0.91284865,
-0.58647333,
-0.15883299,
0.13919790,
0.32574330,
0.32574330,
0.32574330,
0.32574330,
0.32574330,
0.32574330,
0.32574330,
0.32574330,
0.32574330,
0.32574330,
0.32574330,
0.32574330,
0.32574330,
0.32574330,
0.32574330,
0.32574330,
0.32574330,
0.32574330,
0.32574330,
0.68062891,
1.25357368,
1.16778708,
0.16455641,
-1.22545115,
-1.93271219,
-1.95920921,
-1.09224340,
-0.67699827,
-1.00093722,
-0.87168337,
-0.39691439,
0.05630151,
0.32574330,
0.32574330,
0.32574330,
0.32574330,
0.32574330,
0.32574330,
0.32574330,
0.32574330,
0.32574330,
0.32574330,
0.32574330,
0.32574330,
0.32574330,
0.32574330,
0.32574330,
0.32574330,
0.32574330,
0.32574330,
0.32574330,
0.64310675,
1.06791662,
0.79492623,
-0.32046244,
-1.44153865,
-1.82945117,
-1.65678668,
-0.76497786,
-0.52956871,
-1.20161948,
-1.21717001,
-0.70711852,
-0.05566621,
0.32574330,
0.32574330,
0.32574330,
0.32574330,
0.32574330,
0.32574330,
0.32574330,
0.32574330,
0.32574330,
0.32574330,
0.32574330,
0.32574330,
0.32574330,
0.32574330,
0.32574330,
0.32574330,
0.32574330,
0.32574330,
0.32574330,
0.52304755,
0.74392286,
0.53256792,
-0.14692681,
-0.78074673,
-1.05455403,
-0.91473047,
-0.30182881,
-0.42528800,
-1.43958549,
-1.54327955,
-0.97109107,
-0.16139159,
0.32574330,
0.32574330,
0.32574330,
0.32574330,
0.32574330,
0.32574330,
0.32574330,
0.32574330,
0.32574330,
0.32574330,
0.32574330,
0.32574330,
0.32574330,
0.32574330,
0.32574330,
0.32574330,
0.32574330,
0.32574330,
0.32574330,
0.46018924,
0.56380554,
0.41085808,
0.10037313,
-0.16293637,
-0.13413601,
-0.07826833,
0.14781235,
-0.65893276,
-1.82324096,
-1.77479716,
-1.09238321,
-0.19990113,
0.32574330,
0.32574330,
0.32574330,
0.32574330,
0.32574330,
0.32574330,
0.32574330,
0.32574330,
0.32574330,
0.32574330,
0.32574330,
0.32574330,
0.32574330,
0.32574330,
0.32574330,
0.32574330,
0.32574330,
0.32574330,
0.32574330,
0.28072841,
0.15653754,
0.20154198,
0.44636758,
0.63070768,
0.54966858,
0.16896191,
-0.27337905,
-1.25694213,
-2.13640312,
-1.90112213,
-1.14897221,
-0.21651158,
0.32574330,
0.32574330,
0.32574330,
0.32574330,
0.32574330,
0.32574330,
0.32574330,
0.32574330,
0.32574330,
0.32574330,
0.32574330,
0.32574330,
0.32574330,
0.32574330,
0.32574330,
0.32574330,
0.32574330,
0.32574330,
0.32574330,
0.19692677,
0.02936326,
0.11052997,
0.33916448,
0.31554699,
-0.19803996,
-0.88207328,
-1.40986868,
-2.05485717,
-2.35233306,
-1.72318640,
-0.91774419,
-0.15317405,
0.32574330,
0.32574330,
0.32574330,
0.32574330,
0.32574330,
0.32574330,
0.32574330,
0.32574330,
0.32574330,
0.32574330,
0.32574330,
0.32574330,
0.32574330,
0.32574330,
0.32574330,
0.32574330,
0.32574330,
0.32574330,
0.32574330,
0.27988357,
0.12209679,
-0.13692365,
-0.38633267,
-0.65648512,
-1.52124389,
-2.60343149,
-2.99851022,
-2.66766467,
-2.08490857,
-1.31460969,
-0.56201048,
0.00022851,
0.32574330,
0.32574330,
0.32574330,
0.32574330,
0.32574330,
0.32574330,
0.32574330,
0.32574330,
0.32574330,
0.32574330,
0.32574330,
0.32574330,
0.32574330,
0.32574330,
0.32574330,
0.32574330,
0.32574330,
0.32574330,
0.32574330,
0.21673575,
-0.11050223,
-0.62571252,
-1.02697187,
-1.59161598,
-2.52885440,
-3.26402632,
-2.95639702,
-2.14066375,
-1.38498190,
-0.62817909,
-0.02961730,
0.26486722,
0.32574330,
0.32574330,
0.32574330,
0.32574330,
0.32574330,
0.32574330,
0.32574330,
0.32574330,
0.32574330,
0.32574330,
0.32574330,
0.32574330,
0.32574330,
0.32574330,
0.32574330,
0.32574330,
0.32574330,
0.32574330,
0.32574330,
0.28661776,
0.08959096,
-0.38544197,
-1.03376776,
-1.70220018,
-2.19977829,
-2.35748700,
-2.01174945,
-1.39144007,
-0.72385016,
-0.14505544,
0.20646858,
0.32574330,
0.32574330,
0.32574330,
0.32574330,
0.32574330,
0.32574330,
0.32574330,
0.32574330,
0.32574330,
0.32574330,
0.32574330,
0.32574330,
0.32574330,
0.32574330,
0.32574330,
0.32574330,
0.32574330,
0.32574330,
0.32574330,
0.32574330,
0.32574330,
0.27594683,
0.09296679,
-0.21483943,
-0.49407476,
-0.61557070,
-0.60766891,
-0.51033191,
-0.31543261,
-0.04746659,
0.18150966,
0.29530526,
0.32574330,
0.32574330,
0.32574330,
0.32574330,
0.32574330,
0.32574330,
0.32574330,
0.32574330,
0.32574330,
0.32574330,
0.32574330,
0.32574330,
0.32574330,
0.32574330,
0.32574330,
0.32574330,
0.32574330,
0.32574330,
0.32574330,
0.32574330,
0.32574330,
0.32574330,
0.32574330,
0.32574330,
0.32574330,
0.32574330,
0.32574330,
0.32574330,
0.32574330,
0.32574330,
0.32574330,
0.32574330,
0.32574330,
0.32574330,
0.32574330,
0.32574330,
0.32574330,
0.32574330,
0.32574330,
0.32574330,
0.32574330,
0.32574330,
0.32574330,
0.32574330,
0.32574330,
0.32574330,
0.32574330,
0.32574330,
0.32574330,
0.32574330,
0.32574330,
0.32574330,
0.32574330,
0.32574330,
0.32574330,
0.32574330,
0.32574330,
0.32574330,
0.32574330,
0.32574330,
0.32574330,
0.32574330,
0.32574330,
0.32574330,
0.32574330,
0.32574330,
0.32574330,
0.32574330,
0.32574330,
0.32574330,
0.32574330,
0.32574330,
0.32574330,
0.32574330,
0.32574330,
0.32574330,
0.32574330,
0.32574330,
0.32574330,
0.32574330,
0.32574330,
0.32574330,
0.32574330,
0.32574330,
0.32574330,
0.32574330,
0.32574330,
0.32574330,
0.32574330,
0.32574330,
0.32574330,
0.32574330,
0.32574330,
0.32574330,
0.32574330,
0.32574330,
0.32574330,
0.32574330,
0.32574330,
0.32574330,
0.32574330,
0.32574330,
0.32574330,
0.32574330,
0.32574330,
0.32574330,
0.32574330,
0.32574330,
0.32574330,
0.32574330,
0.32574330,
0.32574330,
0.32574330,
0.32574330,
0.32574330,
0.32574330,
0.32574330,
0.32574330,
0.32574330,
0.32574330,
0.32574330,
0.32574330,
0.32574330,
0.32574330,
0.32574330,
0.32574330,
0.32574330,
0.32574330,
0.32574330,
0.32574330,
0.32574330,
0.32574330,
0.32574330,
0.32574330,
0.32574330,
0.32574330,
0.32574330,
0.32574330,
0.32574330,
0.32574330,
