-0.14765088,
-0.14765088,
-0.14765088,
-0.14765088,
-0.14765088,
-0.14765088,
-0.14765088,
-0.14765088,
-0.14765088,
-0.14765088,
-0.14765088,
-0.15045133,
-0.18111193,
-0.22272681,
-0.03345621,
0.37897652,
0.73589714,
0.85889444,
0.75856769,
0.27087433,
-0.15894243,
-0.32306787,
-0.19434398,
-0.14765088,
-0.14765088,
-0.14765088,
-0.14765088,
-0.14765088,
-0.14765088,
-0.14765088,
-0.14765088,
-0.14765088,
-0.14765088,
-0.14765088,
-0.14765088,
-0.14765088,
-0.14765088,
-0.14765088,
-0.14765088,
-0.14765088,
-0.14765088,
-0.17565256,
-0.19665240,
-0.08900402,
0.14805093,
0.32463823,
0.98369014,
1.84185492,
2.19478065,
1.91813399,
1.21803415,
-0.39582822,
-1.26229653,
-0.98520742,
-0.33189394,
-0.14765088,
-0.14765088,
-0.14765088,
-0.14765088,
-0.14765088,
-0.14765088,
-0.14765088,
-0.14765088,
-0.14765088,
-0.14765088,
-0.14765088,
-0.14765088,
-0.14765088,
-0.14765088,
-0.14765088,
-0.14765088,
-0.14765088,
-0.15605152,
-0.27423701,
-0.28500259,
0.40278486,
1.58144430,
2.16313705,
2.32858334,
1.88390795,
0.89698190,
-0.06250318,
-1.12366372,
-2.60036538,
-2.34301394,
-0.83625225,
-0.26944041,
-0.14765088,
-0.14765088,
-0.14765088,
-0.14765088,
-0.14765088,
-0.14765088,
-0.14765088,
-0.14765088,
-0.14765088,
-0.14765088,
-0.14765088,
-0.14765088,
-0.14765088,
-0.14765088,
-0.14765088,
-0.14765088,
-0.14765088,
-0.21627508,
-0.37191525,
0.01246677,
1.78714288,
2.82588680,
1.91850221,
0.34898442,
-1.03803724,
-2.28335920,
-2.67045456,
-2.93385942,
-2.89436939,
-1.07932480,
0.70559775,
0.15595921,
-0.14765088,
-0.14765088,
-0.14765088,
-0.14765088,
-0.14765088,
-0.14765088,
-0.14765088,
-0.14765088,
-0.14765088,
-0.14765088,
-0.14765088,
-0.14765088,
-0.14765088,
-0.14765088,
-0.14765088,
-0.14765088,
-0.14765088,
-0.43200775,
-0.29051319,
1.18572065,
3.00732709,
1.99920437,
-1.45094881,
-3.21369088,
-3.44163635,
-3.25976492,
-2.21893789,
-1.21351529,
-0.25538027,
1.08996916,
1.67061317,
0.45811884,
-0.14765088,
-0.14765088,
-0.14765088,
-0.14765088,
-0.14765088,
-0.14765088,
-0.14765088,
-0.14765088,
-0.14765088,
-0.14765088,
-0.14765088,
-0.14765088,
-0.14765088,
-0.14765088,
-0.14765088,
-0.14765088,
-0.25405669,
-0.51182291,
0.32457976,
2.26816307,
2.16880511,
-0.82071332,
-4.05301041,
-4.50823598,
-2.97033895,
-0.81637446,
0.90168783,
1.53491200,
1.79390367,
1.33585011,
0.82529289,
0.19872088,
-0.14765088,
-0.14765088,
-0.14765088,
-0.14765088,
-0.14765088,
-0.14765088,
-0.14765088,
-0.14765088,
-0.14765088,
-0.14765088,
-0.14765088,
-0.14765088,
-0.14765088,
-0.14765088,
-0.14765088,
-0.14765088,
-0.34018250,
-0.32806438,
0.63329616,
1.48095566,
0.48111063,
-3.05043139,
-4.33674511,
-2.19177686,
0.87573912,
2.04416746,
1.91939743,
1.03021161,
0.72547020,
0.46484861,
0.05978740,
-0.02899496,
-0.14765088,
-0.14765088,
-0.14765088,
-0.14765088,
-0.14765088,
-0.14765088,
-0.14765088,
-0.14765088,
-0.14765088,
-0.14765088,
-0.14765088,
-0.14765088,
-0.14765088,
-0.14765088,
-0.14765088,
-0.14765088,
-0.20834572,
-0.71738017,
-0.32200936,
0.81548115,
0.00743216,
-2.14221223,
-1.85812489,
0.36913514,
1.39627822,
1.44289288,
1.46808522,
1.06914683,
0.32670278,
0.01648459,
-0.34114649,
-0.14765088,
-0.14765088,
-0.14765088,
-0.14765088,
-0.14765088,
-0.14765088,
-0.14765088,
-0.14765088,
-0.14765088,
-0.14765088,
-0.14765088,
-0.14765088,
-0.14765088,
-0.14765088,
-0.14765088,
-0.14765088,
-0.14765088,
-0.34323492,
-1.20272359,
-0.82931140,
1.29355060,
1.10983094,
-1.25505422,
-0.62672270,
0.80093357,
0.65525073,
1.81797827,
2.38196648,
1.61863494,
-0.63732390,
-1.33419802,
-0.80414940,
-0.14765088,
-0.14765088,
-0.14765088,
-0.14765088,
-0.14765088,
-0.14765088,
-0.14765088,
-0.14765088,
-0.14765088,
-0.14765088,
-0.14765088,
-0.14765088,
-0.14765088,
-0.14765088,
-0.14765088,
-0.14765088,
-0.14765088,
-0.45431328,
-1.43387454,
-0.68698474,
1.77184676,
1.75156633,
-0.52865274,
-0.90742082,
1.23550183,
1.70550555,
2.76992451,
1.80508469,
-0.79601186,
-2.92182727,
-1.85868536,
-0.22848686,
-0.14765088,
-0.14765088,
-0.14765088,
-0.14765088,
-0.14765088,
-0.14765088,
-0.14765088,
-0.14765088,
-0.14765088,
-0.14765088,
-0.14765088,
-0.14765088,
-0.14765088,
-0.14765088,
-0.14765088,
-0.14765088,
-0.14765088,
-0.33847835,
-1.26863145,
-0.81764994,
1.29204634,
1.45697661,
-0.28185294,
-0.50399608,
2.03773150,
2.93540335,
1.43564298,
-1.28358250,
-3.53302737,
-3.43409119,
-0.53555642,
1.04523722,
-0.14765088,
-0.14765088,
-0.14765088,
-0.14765088,
-0.14765088,
-0.14765088,
-0.14765088,
-0.14765088,
-0.14765088,
-0.14765088,
-0.14765088,
-0.14765088,
-0.14765088,
-0.14765088,
-0.14765088,
-0.14765088,
-0.14765088,
-0.18832287,
-1.00534608,
-1.23094166,
0.28044944,
0.94029217,
0.29011227,
0.07568138,
1.78810396,
1.89328822,
-1.82759928,
-3.85300061,
-3.09163248,
-1.09169002,
1.15989489,
1.48556996,
-0.14765088,
-0.14765088,
-0.14765088,
-0.14765088,
-0.14765088,
-0.14765088,
-0.14765088,
-0.14765088,
-0.14765088,
-0.14765088,
-0.14765088,
-0.14765088,
-0.14765088,
-0.14765088,
-0.14765088,
-0.14765088,
-0.14765088,
-0.14765088,
-0.84652453,
-1.42170871,
-0.30172234,
0.48157450,
0.99390753,
0.04881508,
0.55072795,
0.20240852,
-2.69018499,
-3.16418259,
-0.43762235,
1.38033266,
1.34809178,
0.71074327,
-0.14765088,
-0.14765088,
-0.14765088,
-0.14765088,
-0.14765088,
-0.14765088,
-0.14765088,
-0.14765088,
-0.14765088,
-0.14765088,
-0.14765088,
-0.14765088,
-0.14765088,
-0.14765088,
-0.14765088,
-0.14765088,
-0.14765088,
-0.14765088,
-0.63831189,
-1.33589488,
-0.76386296,
0.76259101,
1.76974141,
0.44967457,
0.17736281,
-0.12336884,
-1.58603569,
-0.79780437,
1.01149388,
1.34459060,
0.60093461,
0.10404321,
-0.14765088,
-0.14765088,
-0.14765088,
-0.14765088,
-0.14765088,
-0.14765088,
-0.14765088,
-0.14765088,
-0.14765088,
-0.14765088,
-0.14765088,
-0.14765088,
-0.14765088,
-0.14765088,
-0.14765088,
-0.14765088,
-0.14765088,
-0.14765088,
-0.41316066,
-1.06991980,
-0.79707333,
1.86181360,
2.48482329,
-0.29910826,
-0.74781457,
0.43822628,
-0.42935396,
0.31211823,
0.63624677,
0.42581286,
0.18898666,
-0.14765088,
-0.14765088,
-0.14765088,
-0.14765088,
-0.14765088,
-0.14765088,
-0.14765088,
-0.14765088,
-0.14765088,
-0.14765088,
-0.14765088,
-0.14765088,
-0.14765088,
-0.14765088,
-0.14765088,
-0.14765088,
-0.14765088,
-0.14765088,
-0.14765088,
-0.39792806,
-0.54898788,
0.16666682,
1.77691373,
1.38349840,
-1.84070381,
-1.16244074,
0.89168669,
0.08086491,
0.16684094,
0.06307174,
-0.02083734,
-0.21815157,
-0.14765088,
-0.14765088,
-0.14765088,
-0.14765088,
-0.14765088,
-0.14765088,
-0.14765088,
-0.14765088,
-0.14765088,
-0.14765088,
-0.14765088,
-0.14765088,
-0.14765088,
-0.14765088,
-0.14765088,
-0.14765088,
-0.14765088,
-0.14765088,
-0.14765088,
-0.51303062,
-0.33984555,
0.91238084,
1.63837725,
-0.58696262,
-3.40725917,
-1.04823673,
1.87134286,
0.55425882,
-0.07115695,
-0.03501139,
-0.18870867,
-0.40633570,
-0.14765088,
-0.14765088,
-0.14765088,
-0.14765088,
-0.14765088,
-0.14765088,
-0.14765088,
-0.14765088,
-0.14765088,
-0.14765088,
-0.14765088,
-0.14765088,
-0.14765088,
-0.14765088,
-0.14765088,
-0.14765088,
-0.14765088,
-0.14765088,
-0.14765088,
-0.69699421,
-0.40616198,
1.15321623,
1.49116324,
-2.15922647,
-4.31285879,
0.13815549,
3.17777648,
1.05035273,
-0.31354441,
-0.11990776,
-0.14129953,
-0.43615190,
-0.14765088,
-0.14765088,
-0.14765088,
-0.14765088,
-0.14765088,
-0.14765088,
-0.14765088,
-0.14765088,
-0.14765088,
-0.14765088,
-0.14765088,
-0.14765088,
-0.14765088,
-0.14765088,
-0.14765088,
-0.14765088,
-0.14765088,
-0.14765088,
-0.14765088,
-0.92131901,
-0.58670055,
1.38295000,
1.25169804,
-2.66652612,
-3.87194341,
1.39590857,
3.43421078,
1.18788070,
-0.36774338,
-0.62545618,
-0.12300263,
-0.13632434,
-0.14765088,
-0.14765088,
-0.14765088,
-0.14765088,
-0.14765088,
-0.14765088,
-0.14765088,
-0.14765088,
-0.14765088,
-0.14765088,
-0.14765088,
-0.14765088,
-0.14765088,
-0.14765088,
-0.14765088,
-0.14765088,
-0.14765088,
-0.14765088,
-0.14765088,
-1.11335311,
-0.79933934,
1.67568869,
1.42595805,
-2.57038709,
-3.21329532,
2.17546246,
3.47314892,
1.10302655,
-0.48566495,
-1.46010328,
-0.11446519,
0.42478062,
-0.14765088,
-0.14765088,
-0.14765088,
-0.14765088,
-0.14765088,
-0.14765088,
-0.14765088,
-0.14765088,
-0.14765088,
-0.14765088,
-0.14765088,
-0.14765088,
-0.14765088,
-0.14765088,
-0.14765088,
-0.14765088,
-0.14765088,
-0.14765088,
-0.14765088,
-1.10461997,
-1.02732496,
1.28872942,
1.42439466,
-2.05857340,
-1.85001316,
3.56783937,
3.48660064,
-0.05974371,
-1.39655991,
-2.32223368,
-0.01984495,
1.05365150,
-0.14765088,
-0.14765088,
-0.14765088,
-0.14765088,
-0.14765088,
-0.14765088,
-0.14765088,
-0.14765088,
-0.14765088,
-0.14765088,
-0.14765088,
-0.14765088,
-0.14765088,
-0.14765088,
-0.14765088,
-0.14765088,
-0.14765088,
-0.14765088,
-0.14765088,
-1.01971449,
-1.34056873,
0.62200106,
1.91282221,
-0.05093598,
-0.49405682,
3.02675587,
1.53399076,
-2.31127638,
-2.69967848,
-2.49049460,
0.53461031,
1.60661471,
-0.14765088,
-0.14765088,
-0.14765088,
-0.14765088,
-0.14765088,
-0.14765088,
-0.14765088,
-0.14765088,
-0.14765088,
-0.14765088,
-0.14765088,
-0.14765088,
-0.14765088,
-0.14765088,
-0.14765088,
-0.14765088,
-0.14765088,
-0.14765088,
-0.14765088,
-0.98223769,
-1.38656174,
0.60335264,
2.18274387,
-0.25547932,
-1.67771230,
1.33208594,
-0.07215861,
-3.61940881,
-2.44605487,
-0.70692633,
1.51878341,
1.62984607,
-0.14765088,
-0.14765088,
-0.14765088,
-0.14765088,
-0.14765088,
-0.14765088,
-0.14765088,
-0.14765088,
-0.14765088,
-0.14765088,
-0.14765088,
-0.14765088,
-0.14765088,
-0.14765088,
-0.14765088,
-0.14765088,
-0.14765088,
-0.14765088,
-0.14765088,
-0.60257939,
-1.18188689,
-0.48481179,
0.55569222,
-0.70815651,
-2.12350750,
-0.51381836,
-1.40522065,
-2.58069542,
-0.09440316,
1.15298112,
1.36376027,
0.87181052,
-0.14765088,
-0.14765088,
-0.14765088,
-0.14765088,
-0.14765088,
-0.14765088,
-0.14765088,
-0.14765088,
-0.14765088,
-0.14765088,
-0.14765088,
-0.14765088,
-0.14765088,
-0.14765088,
-0.14765088,
-0.14765088,
-0.14765088,
-0.14765088,
-0.14765088,
-0.45930919,
-1.05743326,
-1.04018963,
-0.05603798,
-0.72483178,
-2.46789481,
-1.58610688,
-0.41819672,
0.31460950,
1.48080981,
1.44991218,
0.73397645,
0.21459607,
-0.14765088,
-0.14765088,
-0.14765088,
-0.14765088,
-0.14765088,
-0.14765088,
-0.14765088,
-0.14765088,
-0.14765088,
-0.14765088,
-0.14765088,
-0.14765088,
-0.14765088,
-0.14765088,
-0.14765088,
-0.14765088,
-0.14765088,
-0.14765088,
-0.14765088,
-0.31771446,
-0.80944713,
-1.07216514,
-0.54892366,
-0.56526282,
-1.15111784,
-0.02563897,
1.18390808,
1.49227241,
1.37541190,
0.89282794,
0.29514009,
-0.09731206,
-0.14765088,
-0.14765088,
-0.14765088,
-0.14765088,
-0.14765088,
-0.14765088,
-0.14765088,
-0.14765088,
-0.14765088,
-0.14765088,
-0.14765088,
-0.14765088,
-0.14765088,
-0.14765088,
-0.14765088,
-0.14765088,
-0.14765088,
-0.14765088,
-0.14765088,
-0.17960723,
-0.40899117,
-0.75342608,
-0.67343765,
-0.23291260,
0.14285504,
0.55659880,
0.69339339,
0.62426106,
0.45814196,
0.22876272,
-0.00248351,
-0.14765088,
-0.14765088,
-0.14765088,
-0.14765088,
-0.14765088,
-0.14765088,
-0.14765088,
-0.14765088,
-0.14765088,
-0.14765088,
-0.14765088,
-0.14765088,
-0.14765088,
-0.14765088,
-0.14765088,
-0.14765088,
-0.14765088,
-0.14765088,
-0.14765088,
-0.14765088,
-0.14765088,
-0.18832287,
-0.29364818,
-0.30816856,
-0.15868829,
-0.01332003,
0.00014460,
-0.05570562,
-0.04895817,
-0.03733393,
-0.07653155,
-0.12248147,
-0.14765088,
-0.14765088,
-0.14765088,
-0.14765088,
-0.14765088,
-0.14765088,
-0.14765088,
-0.14765088,
-0.14765088,
-0.14765088,
-0.14765088,
-0.14765088,
-0.14765088,
-0.14765088,
-0.14765088,
-0.14765088,
-0.14765088,
-0.14765088,
-0.14765088,
-0.14765088,
-0.14765088,
-0.14765088,
-0.14765088,
-0.14765088,
-0.14765088,
-0.14765088,
-0.14765088,
-0.14765088,
-0.14765088,
-0.14765088,
-0.14765088,
-0.14765088,
-0.14765088,
-0.14765088,
-0.14765088,
-0.14765088,
-0.14765088,
-0.14765088,
-0.14765088,
-0.14765088,
-0.14765088,
-0.14765087,
-0.14765088,
-0.14765088,
-0.14765087,
-0.14765088,
-0.14765088,
-0.14765088,
-0.14765088,
-0.14765088,
-0.14765088,
-0.14765088,
-0.14765088,
-0.14765088,
-0.14765088,
-0.14765088,
-0.14765088,
-0.14765088,
-0.14765088,
-0.14765088,
-0.14765088,
-0.14765088,
-0.14765088,
-0.14765088,
-0.14765088,
-0.14765088,
-0.14765088,
-0.14765088,
-0.14765088,
-0.14765088,
-0.14765088,
-0.14765088,
-0.14765088,
-0.14765088,
-0.14765088,
-0.14765088,
-0.14765087,
-0.14765088,
-0.14765088,
-0.14765088,
-0.14765088,
-0.14765088,
-0.14765088,
-0.14765088,
-0.14765088,
-0.14765088,
-0.14765088,
-0.14765088,
-0.14765088,
-0.14765088,
-0.14765088,
-0.14765088,
-0.14765088,
-0.14765088,
-0.14765088,
-0.14765088,
-0.14765088,
-0.14765088,
-0.14765088,
-0.14765088,
-0.14765088,
-0.14765088,
-0.14765088,
-0.14765088,
-0.14765088,
-0.14765088,
-0.14765088,
-0.14765088,
-0.14765088,
-0.14765088,
-0.14765088,
-0.14765088,
-0.14765088,
-0.14765088,
-0.14765088,
-0.14765088,
-0.14765088,
-0.14765088,
-0.14765088,
-0.14765088,
-0.14765088,
-0.14765088,
-0.14765088,
-0.14765088,
-0.14765088,
-0.14765088,
-0.14765088,
-0.14765088,
-0.14765088,
-0.14765088,
-0.14765088,
-0.14765088,
-0.14765088,
-0.14765088,
-0.14765088,
-0.14765088,
-0.14765088,
-0.14765088,
-0.14765088,
-0.14765088,
