-0.19229150,
-0.19229150,
-0.19229150,
-0.19229150,
-0.19229150,
-0.19229150,
-0.19229150,
-0.19229150,
-0.19229150,
-0.19229150,
-0.19229150,
-0.19445354,
-0.21604593,
-0.22628582,
-0.06223626,
0.06221237,
-0.00577456,
-0.04614999,
-0.10074125,
-0.38043722,
-0.29812095,
-0.15333556,
-0.17628339,
-0.19229150,
-0.19229150,
-0.19229150,
-0.19229150,
-0.19229150,
-0.19229150,
-0.19229150,
-0.19229150,
-0.19229150,
-0.19229150,
-0.19229150,
-0.19229150,
-0.19229150,
-0.19229150,
-0.19229150,
-0.19229150,
-0.19229150,
-0.19229150,
-0.21390968,
-0.20933873,
-0.12242812,
-0.10326725,
-0.32449298,
-0.03944469,
0.39772872,
0.54340406,
0.69123627,
0.66091489,
-0.18897376,
-0.25177716,
-0.08759769,
-0.15391677,
-0.19229150,
-0.19229150,
-0.19229150,
-0.19229150,
-0.19229150,
-0.19229150,
-0.19229150,
-0.19229150,
-0.19229150,
-0.19229150,
-0.19229150,
-0.19229150,
-0.19229150,
-0.19229150,
-0.19229150,
-0.19229150,
-0.19229150,
-0.19877706,
-0.31474109,
-0.35181402,
0.02883147,
0.29051443,
-0.31044920,
-0.37879266,
0.22691960,
1.01278897,
1.54850794,
1.69484156,
0.63227352,
-0.18967057,
-0.34797496,
-0.21641307,
-0.19229150,
-0.19229150,
-0.19229150,
-0.19229150,
-0.19229150,
-0.19229150,
-0.19229150,
-0.19229150,
-0.19229150,
-0.19229150,
-0.19229150,
-0.19229150,
-0.19229150,
-0.19229150,
-0.19229150,
-0.19229150,
-0.19229150,
-0.25455859,
-0.53725973,
-0.74122853,
-0.07858788,
0.22144087,
-0.07957430,
-0.29504800,
-0.29882962,
0.69504089,
1.62478043,
2.08129559,
1.59415135,
0.19285333,
-0.55256363,
-0.32408961,
-0.19229150,
-0.19229150,
-0.19229150,
-0.19229150,
-0.19229150,
-0.19229150,
-0.19229150,
-0.19229150,
-0.19229150,
-0.19229150,
-0.19229150,
-0.19229150,
-0.19229150,
-0.19229150,
-0.19229150,
-0.19229150,
-0.19229150,
-0.50437606,
-0.80610077,
-1.07722653,
-0.88946403,
-0.14753535,
0.09731377,
-0.40085160,
-0.46585323,
0.38295719,
1.39281609,
2.02770276,
1.58815121,
0.25821129,
-0.39724982,
-0.31127063,
-0.19229150,
-0.19229150,
-0.19229150,
-0.19229150,
-0.19229150,
-0.19229150,
-0.19229150,
-0.19229150,
-0.19229150,
-0.19229150,
-0.19229150,
-0.19229150,
-0.19229150,
-0.19229150,
-0.19229150,
-0.19229150,
-0.27444017,
-0.83299651,
-1.29335004,
-1.47162515,
-1.24812274,
-0.35258172,
0.26719702,
0.36376290,
0.41876824,
0.43175447,
0.95677635,
1.33328138,
0.49394438,
-0.33195657,
-0.25225956,
-0.20936955,
-0.19229150,
-0.19229150,
-0.19229150,
-0.19229150,
-0.19229150,
-0.19229150,
-0.19229150,
-0.19229150,
-0.19229150,
-0.19229150,
-0.19229150,
-0.19229150,
-0.19229150,
-0.19229150,
-0.19229150,
-0.19229150,
-0.45856507,
-1.41149238,
-2.17094007,
-1.53934661,
-0.26628598,
0.36812523,
1.27707474,
0.79681101,
-0.00296018,
0.11257258,
0.69053016,
0.65661796,
-0.11253798,
-0.62913342,
-0.41934596,
-0.21639605,
-0.19229150,
-0.19229150,
-0.19229150,
-0.19229150,
-0.19229150,
-0.19229150,
-0.19229150,
-0.19229150,
-0.19229150,
-0.19229150,
-0.19229150,
-0.19229150,
-0.19229150,
-0.19229150,
-0.19229150,
-0.19229150,
-0.66336053,
-2.16789146,
-3.09365869,
-1.39695222,
2.00089380,
1.93669736,
0.98572885,
0.89781297,
0.36049532,
-0.05103292,
0.14662782,
-0.32946584,
-0.82971095,
-0.31846500,
-0.12444723,
-0.19229150,
-0.19229150,
-0.19229150,
-0.19229150,
-0.19229150,
-0.19229150,
-0.19229150,
-0.19229150,
-0.19229150,
-0.19229150,
-0.19229150,
-0.19229150,
-0.19229150,
-0.19229150,
-0.19229150,
-0.19229150,
-0.19229150,
-0.63898791,
-2.88833493,
-3.97623703,
-0.60672501,
3.56579021,
3.64424944,
1.16584554,
-0.68789245,
-0.55200725,
0.02705622,
0.54020053,
0.51241833,
-0.44549232,
-0.14684377,
-0.07567864,
-0.19229150,
-0.19229150,
-0.19229150,
-0.19229150,
-0.19229150,
-0.19229150,
-0.19229150,
-0.19229150,
-0.19229150,
-0.19229150,
-0.19229150,
-0.19229150,
-0.19229150,
-0.19229150,
-0.19229150,
-0.19229150,
-0.19229150,
-0.61524523,
-2.84963891,
-3.99317690,
-0.75259967,
3.91530944,
4.54598851,
0.56456115,
-1.16636484,
-0.55057975,
0.10120980,
0.95657737,
1.50420697,
0.25571689,
-0.26127328,
-0.37337511,
-0.19229150,
-0.19229150,
-0.19229150,
-0.19229150,
-0.19229150,
-0.19229150,
-0.19229150,
-0.19229150,
-0.19229150,
-0.19229150,
-0.19229150,
-0.19229150,
-0.19229150,
-0.19229150,
-0.19229150,
-0.19229150,
-0.19229150,
-0.43832539,
-2.39673920,
-4.02723490,
-1.64171111,
3.19318641,
4.66553056,
1.14227708,
-0.97446968,
-1.00427393,
0.03824630,
1.09630027,
1.90862782,
1.22342552,
-0.07138170,
-0.58483310,
-0.19229150,
-0.19229150,
-0.19229150,
-0.19229150,
-0.19229150,
-0.19229150,
-0.19229150,
-0.19229150,
-0.19229150,
-0.19229150,
-0.19229150,
-0.19229150,
-0.19229150,
-0.19229150,
-0.19229150,
-0.19229150,
-0.19229150,
-0.26789434,
-1.83457147,
-3.95471573,
-2.80178679,
1.69414472,
3.86646259,
1.75780931,
-0.48568018,
-1.11253014,
0.17371134,
1.61013013,
2.22715698,
1.07652570,
-0.32945681,
-0.45988169,
-0.19229150,
-0.19229150,
-0.19229150,
-0.19229150,
-0.19229150,
-0.19229150,
-0.19229150,
-0.19229150,
-0.19229150,
-0.19229150,
-0.19229150,
-0.19229150,
-0.19229150,
-0.19229150,
-0.19229150,
-0.19229150,
-0.19229150,
-0.19229150,
-1.29216900,
-3.33898841,
-3.50027085,
-0.54962154,
2.56693555,
1.56262170,
0.06393311,
-0.24696072,
0.88062369,
2.08744482,
1.82871673,
0.12810957,
-0.64456249,
-0.25364016,
-0.19229150,
-0.19229150,
-0.19229150,
-0.19229150,
-0.19229150,
-0.19229150,
-0.19229150,
-0.19229150,
-0.19229150,
-0.19229150,
-0.19229150,
-0.19229150,
-0.19229150,
-0.19229150,
-0.19229150,
-0.19229150,
-0.19229150,
-0.19229150,
-0.83763862,
-2.33318429,
-3.29079245,
-2.15760716,
0.79371823,
0.65991420,
0.82993850,
1.65619544,
2.18599880,
1.65494030,
0.62285375,
-0.44477071,
-0.63423340,
-0.24342231,
-0.19229150,
-0.19229150,
-0.19229150,
-0.19229150,
-0.19229150,
-0.19229150,
-0.19229150,
-0.19229150,
-0.19229150,
-0.19229150,
-0.19229150,
-0.19229150,
-0.19229150,
-0.19229150,
-0.19229150,
-0.19229150,
-0.19229150,
-0.19229150,
-0.54935105,
-1.57386768,
-2.78154327,
-2.43474157,
-0.72485814,
0.40552672,
2.29714705,
3.21302501,
2.50018594,
0.60378257,
-0.54832164,
-0.65891927,
-0.24543575,
-0.19229150,
-0.19229150,
-0.19229150,
-0.19229150,
-0.19229150,
-0.19229150,
-0.19229150,
-0.19229150,
-0.19229150,
-0.19229150,
-0.19229150,
-0.19229150,
-0.19229150,
-0.19229150,
-0.19229150,
-0.19229150,
-0.19229150,
-0.19229150,
-0.19229150,
-0.55629561,
-1.42362664,
-2.52269491,
-1.94775953,
-0.86116049,
-0.03033820,
2.44521992,
4.37204284,
2.84220760,
-0.25247560,
-0.84065598,
-0.34735955,
-0.17039430,
-0.19229150,
-0.19229150,
-0.19229150,
-0.19229150,
-0.19229150,
-0.19229150,
-0.19229150,
-0.19229150,
-0.19229150,
-0.19229150,
-0.19229150,
-0.19229150,
-0.19229150,
-0.19229150,
-0.19229150,
-0.19229150,
-0.19229150,
-0.19229150,
-0.19229150,
-0.88744657,
-1.72664639,
-2.24309780,
-1.77954548,
-0.64152354,
-0.03550796,
2.03749582,
4.14351736,
3.08540199,
0.51645120,
-0.74934961,
-0.42377362,
-0.14911017,
-0.19229150,
-0.19229150,
-0.19229150,
-0.19229150,
-0.19229150,
-0.19229150,
-0.19229150,
-0.19229150,
-0.19229150,
-0.19229150,
-0.19229150,
-0.19229150,
-0.19229150,
-0.19229150,
-0.19229150,
-0.19229150,
-0.19229150,
-0.19229150,
-0.19229150,
-1.33872806,
-2.50522453,
-2.16045713,
-0.32577753,
-0.00601743,
-1.07146076,
0.65504445,
3.17310478,
3.70021104,
1.74468894,
-0.50131775,
-0.50436278,
-0.19132545,
-0.19229150,
-0.19229150,
-0.19229150,
-0.19229150,
-0.19229150,
-0.19229150,
-0.19229150,
-0.19229150,
-0.19229150,
-0.19229150,
-0.19229150,
-0.19229150,
-0.19229150,
-0.19229150,
-0.19229150,
-0.19229150,
-0.19229150,
-0.19229150,
-0.19229150,
-1.77219509,
-3.28629755,
-1.87429312,
1.59450947,
1.03022251,
-2.16230353,
-1.26424459,
1.87351245,
4.08623658,
2.66287312,
-0.09622441,
-0.48833777,
-0.30490926,
-0.19229150,
-0.19229150,
-0.19229150,
-0.19229150,
-0.19229150,
-0.19229150,
-0.19229150,
-0.19229150,
-0.19229150,
-0.19229150,
-0.19229150,
-0.19229150,
-0.19229150,
-0.19229150,
-0.19229150,
-0.19229150,
-0.19229150,
-0.19229150,
-0.19229150,
-2.07066916,
-3.82333686,
-1.53894495,
3.19141249,
2.31872206,
-2.79087474,
-2.84659287,
0.72316606,
3.86108039,
3.25727111,
0.45322422,
-0.43125359,
-0.43484224,
-0.19229150,
-0.19229150,
-0.19229150,
-0.19229150,
-0.19229150,
-0.19229150,
-0.19229150,
-0.19229150,
-0.19229150,
-0.19229150,
-0.19229150,
-0.19229150,
-0.19229150,
-0.19229150,
-0.19229150,
-0.19229150,
-0.19229150,
-0.19229150,
-0.19229150,
-2.09874922,
-4.17806178,
-1.72609666,
4.11581777,
3.61552685,
-2.71230051,
-3.64836675,
0.07293342,
3.39999487,
3.53921882,
1.02643701,
-0.41213257,
-0.54955822,
-0.19229150,
-0.19229150,
-0.19229150,
-0.19229150,
-0.19229150,
-0.19229150,
-0.19229150,
-0.19229150,
-0.19229150,
-0.19229150,
-0.19229150,
-0.19229150,
-0.19229150,
-0.19229150,
-0.19229150,
-0.19229150,
-0.19229150,
-0.19229150,
-0.19229150,
-1.87483410,
-4.09512089,
-2.26491225,
3.58334269,
3.64150019,
-1.84885161,
-2.73530378,
0.11044035,
2.73568884,
3.36360996,
1.32521491,
-0.49867009,
-0.62087307,
-0.19229150,
-0.19229150,
-0.19229150,
-0.19229150,
-0.19229150,
-0.19229150,
-0.19229150,
-0.19229150,
-0.19229150,
-0.19229150,
-0.19229150,
-0.19229150,
-0.19229150,
-0.19229150,
-0.19229150,
-0.19229150,
-0.19229150,
-0.19229150,
-0.19229150,
-1.45510883,
-3.59698327,
-3.11413031,
1.52674242,
3.23458917,
-0.21061729,
-1.81260052,
0.27153316,
2.56117729,
2.78582185,
0.83535442,
-0.64209953,
-0.51556118,
-0.19229150,
-0.19229150,
-0.19229150,
-0.19229150,
-0.19229150,
-0.19229150,
-0.19229150,
-0.19229150,
-0.19229150,
-0.19229150,
-0.19229150,
-0.19229150,
-0.19229150,
-0.19229150,
-0.19229150,
-0.19229150,
-0.19229150,
-0.19229150,
-0.19229150,
-1.09387348,
-2.85495696,
-3.26239306,
-0.75317608,
0.81897700,
-0.16015417,
0.10285556,
1.69691697,
2.37732779,
1.76569053,
0.13735601,
-0.59909202,
-0.30097236,
-0.19229150,
-0.19229150,
-0.19229150,
-0.19229150,
-0.19229150,
-0.19229150,
-0.19229150,
-0.19229150,
-0.19229150,
-0.19229150,
-0.19229150,
-0.19229150,
-0.19229150,
-0.19229150,
-0.19229150,
-0.19229150,
-0.19229150,
-0.19229150,
-0.19229150,
-0.60226222,
-1.91788258,
-3.28933189,
-2.42604657,
-0.50467281,
0.09089210,
0.77146334,
1.97456415,
1.90785708,
0.65506800,
-0.56554063,
-0.65622764,
-0.24327451,
-0.19229150,
-0.19229150,
-0.19229150,
-0.19229150,
-0.19229150,
-0.19229150,
-0.19229150,
-0.19229150,
-0.19229150,
-0.19229150,
-0.19229150,
-0.19229150,
-0.19229150,
-0.19229150,
-0.19229150,
-0.19229150,
-0.19229150,
-0.19229150,
-0.19229150,
-0.42301866,
-1.15755132,
-2.03971463,
-1.91381431,
-1.32731830,
-0.63362382,
0.90030868,
1.73733119,
0.91865706,
-0.18920330,
-0.51508829,
-0.32968404,
-0.20251766,
-0.19229150,
-0.19229150,
-0.19229150,
-0.19229150,
-0.19229150,
-0.19229150,
-0.19229150,
-0.19229150,
-0.19229150,
-0.19229150,
-0.19229150,
-0.19229150,
-0.19229150,
-0.19229150,
-0.19229150,
-0.19229150,
-0.19229150,
-0.19229150,
-0.19229150,
-0.25169333,
-0.55208689,
-1.04226436,
-1.14826600,
-0.77272458,
-0.13786315,
0.46121155,
0.41874815,
-0.10449790,
-0.41932454,
-0.33911095,
-0.21047864,
-0.19229150,
-0.19229150,
-0.19229150,
-0.19229150,
-0.19229150,
-0.19229150,
-0.19229150,
-0.19229150,
-0.19229150,
-0.19229150,
-0.19229150,
-0.19229150,
-0.19229150,
-0.19229150,
-0.19229150,
-0.19229150,
-0.19229150,
-0.19229150,
-0.19229150,
-0.19229150,
-0.19229150,
-0.26789434,
-0.44164551,
-0.47336128,
-0.22677085,
0.02773108,
-0.03048854,
-0.29708075,
-0.42496447,
-0.35514190,
-0.24699088,
-0.19740458,
-0.19229150,
-0.19229150,
-0.19229150,
-0.19229150,
-0.19229150,
-0.19229150,
-0.19229150,
-0.19229150,
-0.19229150,
-0.19229149,
-0.19229150,
-0.19229150,
-0.19229150,
-0.19229150,
-0.19229150,
-0.19229150,
-0.19229150,
-0.19229150,
-0.19229150,
-0.19229150,
-0.19229150,
-0.19229150,
-0.19229150,
-0.19229150,
-0.19229150,
-0.19229150,
-0.19229150,
-0.19229150,
-0.19229150,
-0.19229150,
-0.19229150,
-0.19229150,
-0.19229150,
-0.19229150,
-0.19229150,
-0.19229150,
-0.19229150,
-0.19229150,
-0.19229150,
-0.19229150,
-0.19229150,
-0.19229150,
-0.19229150,
-0.19229150,
-0.19229150,
-0.19229150,
-0.19229150,
-0.19229150,
-0.19229150,
-0.19229150,
-0.19229150,
-0.19229150,
-0.19229150,
-0.19229150,
-0.19229150,
-0.19229150,
-0.19229150,
-0.19229150,
-0.19229150,
-0.19229150,
-0.19229150,
-0.19229150,
-0.19229150,
-0.19229150,
-0.19229150,
-0.19229150,
-0.19229150,
-0.19229150,
-0.19229150,
-0.19229150,
-0.19229150,
-0.19229150,
-0.19229150,
-0.19229150,
-0.19229150,
-0.19229150,
-0.19229150,
-0.19229150,
-0.19229150,
-0.19229150,
-0.19229150,
-0.19229150,
-0.19229150,
-0.19229150,
-0.19229150,
-0.19229150,
-0.19229150,
-0.19229150,
-0.19229150,
-0.19229150,
-0.19229150,
-0.19229150,
-0.19229150,
-0.19229150,
-0.19229150,
-0.19229150,
-0.19229150,
-0.19229150,
-0.19229150,
-0.19229150,
-0.19229150,
-0.19229150,
-0.19229150,
-0.19229150,
-0.19229150,
-0.19229150,
-0.19229150,
-0.19229150,
-0.19229150,
-0.19229150,
-0.19229150,
-0.19229150,
-0.19229150,
-0.19229150,
-0.19229150,
-0.19229150,
-0.19229150,
-0.19229150,
-0.19229150,
-0.19229150,
-0.19229150,
-0.19229150,
-0.19229150,
-0.19229150,
-0.19229150,
-0.19229150,
-0.19229150,
-0.19229150,
-0.19229150,
-0.19229150,
-0.19229150,
-0.19229150,
-0.19229150,
-0.19229150,
-0.19229150,
-0.19229150,
-0.19229150,
-0.19229150,
-0.19229150,
-0.19229150,
