-0.67801407,
-0.67801407,
-0.67801407,
-0.67801407,
-0.67801407,
-0.67801407,
-0.67801407,
-0.67801407,
-0.67801407,
-0.67801407,
-0.67801407,
-0.67672566,
-0.65659781,
-0.55602579,
-0.34206118,
-0.13580341,
-0.05518080,
-0.10489912,
-0.29948400,
-0.56441013,
-0.68541553,
-0.68706606,
-0.67901243,
-0.67801407,
-0.67801407,
-0.67801407,
-0.67801407,
-0.67801407,
-0.67801407,
-0.67801407,
-0.67801407,
-0.67801407,
-0.67801407,
-0.67801407,
-0.67801407,
-0.67801407,
-0.67801407,
-0.67801407,
-0.67801407,
-0.67801407,
-0.67801407,
-0.66513123,
-0.59525890,
-0.44605000,
-0.26563257,
0.00149342,
0.53758222,
1.04178493,
1.18573270,
0.95605948,
0.32331353,
-0.54216408,
-0.86247714,
-0.80702403,
-0.70175072,
-0.67801407,
-0.67801407,
-0.67801407,
-0.67801407,
-0.67801407,
-0.67801407,
-0.67801407,
-0.67801407,
-0.67801407,
-0.67801407,
-0.67801407,
-0.67801407,
-0.67801407,
-0.67801407,
-0.67801407,
-0.67801407,
-0.67801407,
-0.67414915,
-0.61554073,
-0.30937528,
0.31020086,
0.87962246,
1.08613268,
1.29136061,
1.42003211,
1.35198481,
0.95472820,
0.17889626,
-0.77073502,
-1.02901743,
-0.91087353,
-0.72926452,
-0.67801407,
-0.67801407,
-0.67801407,
-0.67801407,
-0.67801407,
-0.67801407,
-0.67801407,
-0.67801407,
-0.67801407,
-0.67801407,
-0.67801407,
-0.67801407,
-0.67801407,
-0.67801407,
-0.67801407,
-0.67801407,
-0.67801407,
-0.65059069,
-0.47203688,
0.14853068,
1.12175071,
1.66157476,
1.54933182,
1.22680691,
0.81966959,
0.58428144,
0.18949750,
-0.38491390,
-0.81937282,
-0.91136964,
-0.84458124,
-0.72928632,
-0.67801407,
-0.67801407,
-0.67801407,
-0.67801407,
-0.67801407,
-0.67801407,
-0.67801407,
-0.67801407,
-0.67801407,
-0.67801407,
-0.67801407,
-0.67801407,
-0.67801407,
-0.67801407,
-0.67801407,
-0.67801407,
-0.67801407,
-0.57674019,
-0.06311139,
0.84147604,
1.66120061,
1.55486659,
0.97800950,
0.33398256,
-0.04702375,
-0.04662984,
-0.18580266,
-0.46476030,
-0.53824072,
-0.64485663,
-0.72215288,
-0.70065642,
-0.67801407,
-0.67801407,
-0.67801407,
-0.67801407,
-0.67801407,
-0.67801407,
-0.67801407,
-0.67801407,
-0.67801407,
-0.67801407,
-0.67801407,
-0.67801407,
-0.67801407,
-0.67801407,
-0.67801407,
-0.67801407,
-0.62905952,
-0.40068858,
0.47662817,
1.49079659,
1.58853492,
1.03850291,
0.31515334,
-0.31443775,
-0.57323668,
-0.42660234,
-0.31350113,
-0.37118218,
-0.39486535,
-0.53817518,
-0.68941533,
-0.70041988,
-0.67801407,
-0.67801407,
-0.67801407,
-0.67801407,
-0.67801407,
-0.67801407,
-0.67801407,
-0.67801407,
-0.67801407,
-0.67801407,
-0.67801407,
-0.67801407,
-0.67801407,
-0.67801407,
-0.67801407,
-0.67801407,
-0.64198601,
-0.26540246,
0.73853056,
1.69084776,
1.44971580,
0.21095319,
-0.41853554,
-0.43725034,
-0.30587682,
-0.40689537,
-0.56834205,
-0.64455735,
-0.65190062,
-0.63864155,
-0.64783990,
-0.67796327,
-0.67801407,
-0.67801407,
-0.67801407,
-0.67801407,
-0.67801407,
-0.67801407,
-0.67801407,
-0.67801407,
-0.67801407,
-0.67801407,
-0.67801407,
-0.67801407,
-0.67801407,
-0.67801407,
-0.67801407,
-0.67801407,
-0.69020154,
-0.40321542,
0.64359910,
1.81347993,
1.62560327,
0.19970477,
-0.52106084,
-0.76131237,
-0.58268995,
-0.34478085,
-0.20377885,
-0.27394638,
-0.56382902,
-0.70254550,
-0.68237730,
-0.67801407,
-0.67801407,
-0.67801407,
-0.67801407,
-0.67801407,
-0.67801407,
-0.67801407,
-0.67801407,
-0.67801407,
-0.67801407,
-0.67801407,
-0.67801407,
-0.67801407,
-0.67801407,
-0.67801407,
-0.67801407,
-0.67801407,
-0.69636459,
-0.46644484,
0.54946016,
1.71303927,
1.78586431,
0.36255601,
-0.70990200,
-0.69135621,
0.01756357,
0.59972920,
0.73646563,
0.16803886,
-0.72718309,
-0.87968180,
-0.77866419,
-0.67801407,
-0.67801407,
-0.67801407,
-0.67801407,
-0.67801407,
-0.67801407,
-0.67801407,
-0.67801407,
-0.67801407,
-0.67801407,
-0.67801407,
-0.67801407,
-0.67801407,
-0.67801407,
-0.67801407,
-0.67801407,
-0.67801407,
-0.65060012,
-0.53503348,
0.33043767,
1.55421941,
1.90291547,
1.13348190,
-0.12747842,
-0.17891488,
0.69852276,
1.20044381,
0.85318358,
-0.05780410,
-0.98121679,
-0.95884479,
-0.82915667,
-0.67801407,
-0.67801407,
-0.67801407,
-0.67801407,
-0.67801407,
-0.67801407,
-0.67801407,
-0.67801407,
-0.67801407,
-0.67801407,
-0.67801407,
-0.67801407,
-0.67801407,
-0.67801407,
-0.67801407,
-0.67801407,
-0.67801407,
-0.64705547,
-0.60152273,
0.00041953,
1.08876786,
1.84561757,
1.88785077,
0.88865172,
0.73021970,
1.09756060,
1.06495756,
0.31850374,
-0.51617009,
-0.96184924,
-0.87605727,
-0.80798487,
-0.67801407,
-0.67801407,
-0.67801407,
-0.67801407,
-0.67801407,
-0.67801407,
-0.67801407,
-0.67801407,
-0.67801407,
-0.67801407,
-0.67801407,
-0.67801407,
-0.67801407,
-0.67801407,
-0.67801407,
-0.67801407,
-0.67801407,
-0.66690382,
-0.64006060,
-0.35162945,
0.41659900,
1.55571816,
2.12205952,
1.72105658,
1.32365251,
0.94259385,
0.36872463,
-0.35194709,
-0.75439666,
-0.68913364,
-0.70683956,
-0.74940074,
-0.67801407,
-0.67801407,
-0.67801407,
-0.67801407,
-0.67801407,
-0.67801407,
-0.67801407,
-0.67801407,
-0.67801407,
-0.67801407,
-0.67801407,
-0.67801407,
-0.67801407,
-0.67801407,
-0.67801407,
-0.67801407,
-0.67801407,
-0.67801407,
-0.61633964,
-0.51924643,
-0.12889564,
1.05906033,
2.04229900,
2.08779412,
1.60871149,
0.67962802,
-0.16698615,
-0.66445244,
-0.71457976,
-0.56703453,
-0.62882468,
-0.72548855,
-0.67801407,
-0.67801407,
-0.67801407,
-0.67801407,
-0.67801407,
-0.67801407,
-0.67801407,
-0.67801407,
-0.67801407,
-0.67801407,
-0.67801407,
-0.67801407,
-0.67801407,
-0.67801407,
-0.67801407,
-0.67801407,
-0.67801407,
-0.67801407,
-0.60500498,
-0.49300412,
-0.12506057,
0.92408478,
2.09468768,
2.34025278,
2.09293918,
0.66395784,
-0.36964023,
-0.77717321,
-0.74536900,
-0.67086516,
-0.66469978,
-0.67790631,
-0.67801407,
-0.67801407,
-0.67801407,
-0.67801407,
-0.67801407,
-0.67801407,
-0.67801407,
-0.67801407,
-0.67801407,
-0.67801407,
-0.67801407,
-0.67801407,
-0.67801407,
-0.67801407,
-0.67801407,
-0.67801407,
-0.67801407,
-0.67801407,
-0.60905266,
-0.35972409,
0.31636020,
1.37295938,
2.06932164,
2.13160534,
1.99344711,
0.92963949,
-0.18624401,
-0.87165920,
-0.82199650,
-0.70774567,
-0.68429489,
-0.67801407,
-0.67801407,
-0.67801407,
-0.67801407,
-0.67801407,
-0.67801407,
-0.67801407,
-0.67801407,
-0.67801407,
-0.67801407,
-0.67801407,
-0.67801407,
-0.67801407,
-0.67801407,
-0.67801407,
-0.67801407,
-0.67801407,
-0.67801407,
-0.67801407,
-0.60790458,
-0.13776134,
0.76917862,
1.55418599,
1.58707376,
1.65201148,
1.80408575,
1.29296117,
0.21516772,
-0.74047575,
-0.94423937,
-0.81553364,
-0.68844011,
-0.67801407,
-0.67801407,
-0.67801407,
-0.67801407,
-0.67801407,
-0.67801407,
-0.67801407,
-0.67801407,
-0.67801407,
-0.67801407,
-0.67801407,
-0.67801407,
-0.67801407,
-0.67801407,
-0.67801407,
-0.67801407,
-0.67801407,
-0.67801407,
-0.67801407,
-0.60198254,
0.07920378,
1.17388630,
1.69425617,
1.01683700,
0.81110744,
1.48677184,
1.69242061,
0.82918144,
-0.47185456,
-1.01245815,
-0.90778721,
-0.71887614,
-0.67801407,
-0.67801407,
-0.67801407,
-0.67801407,
-0.67801407,
-0.67801407,
-0.67801407,
-0.67801407,
-0.67801407,
-0.67801407,
-0.67801407,
-0.67801407,
-0.67801407,
-0.67801407,
-0.67801407,
-0.67801407,
-0.67801407,
-0.67801407,
-0.67801407,
-0.60280720,
0.26304097,
1.48564193,
1.55006446,
0.37583942,
0.17519242,
1.30760332,
1.91419360,
1.36461670,
-0.02946720,
-0.99999776,
-1.00110725,
-0.77235735,
-0.67801407,
-0.67801407,
-0.67801407,
-0.67801407,
-0.67801407,
-0.67801407,
-0.67801407,
-0.67801407,
-0.67801407,
-0.67801407,
-0.67801407,
-0.67801407,
-0.67801407,
-0.67801407,
-0.67801407,
-0.67801407,
-0.67801407,
-0.67801407,
-0.67801407,
-0.59851707,
0.34202280,
1.61507929,
1.53494591,
0.06242412,
-0.27453536,
0.99754411,
1.86678204,
1.70408600,
0.36904863,
-0.92554741,
-1.05430621,
-0.83019781,
-0.67801407,
-0.67801407,
-0.67801407,
-0.67801407,
-0.67801407,
-0.67801407,
-0.67801407,
-0.67801407,
-0.67801407,
-0.67801407,
-0.67801407,
-0.67801407,
-0.67801407,
-0.67801407,
-0.67801407,
-0.67801407,
-0.67801407,
-0.67801407,
-0.67801407,
-0.58486572,
0.33082112,
1.55874332,
1.57471558,
0.17162777,
-0.28286613,
0.90142377,
1.77569996,
1.81998779,
0.54187640,
-0.82969576,
-1.04472167,
-0.87456694,
-0.67801407,
-0.67801407,
-0.67801407,
-0.67801407,
-0.67801407,
-0.67801407,
-0.67801407,
-0.67801407,
-0.67801407,
-0.67801407,
-0.67801407,
-0.67801407,
-0.67801407,
-0.67801407,
-0.67801407,
-0.67801407,
-0.67801407,
-0.67801407,
-0.67801407,
-0.62277982,
0.06812964,
1.18876291,
1.73333311,
0.94632376,
0.48534164,
1.18051077,
1.67741379,
1.53031323,
0.30890105,
-0.79025239,
-0.97844345,
-0.88969105,
-0.67801407,
-0.67801407,
-0.67801407,
-0.67801407,
-0.67801407,
-0.67801407,
-0.67801407,
-0.67801407,
-0.67801407,
-0.67801407,
-0.67801407,
-0.67801407,
-0.67801407,
-0.67801407,
-0.67801407,
-0.67801407,
-0.67801407,
-0.67801407,
-0.67801407,
-0.60194039,
-0.15638234,
0.77347917,
1.85223582,
1.94472597,
1.45046421,
1.19736771,
1.02268384,
0.62675584,
-0.25175131,
-0.77057532,
-0.85702394,
-0.84822578,
-0.67801407,
-0.67801407,
-0.67801407,
-0.67801407,
-0.67801407,
-0.67801407,
-0.67801407,
-0.67801407,
-0.67801407,
-0.67801407,
-0.67801407,
-0.67801407,
-0.67801407,
-0.67801407,
-0.67801407,
-0.67801407,
-0.67801407,
-0.67801407,
-0.67801407,
-0.61103378,
-0.31255867,
0.38602505,
1.45285953,
1.87066545,
1.72240847,
1.12183430,
0.39507319,
-0.21381355,
-0.64645554,
-0.62604641,
-0.69072550,
-0.76608137,
-0.67801407,
-0.67801407,
-0.67801407,
-0.67801407,
-0.67801407,
-0.67801407,
-0.67801407,
-0.67801407,
-0.67801407,
-0.67801407,
-0.67801407,
-0.67801407,
-0.67801407,
-0.67801407,
-0.67801407,
-0.67801407,
-0.67801407,
-0.67801407,
-0.67801407,
-0.62567848,
-0.58420613,
-0.40221674,
0.34572906,
1.26893163,
1.51469479,
0.63402113,
-0.19592761,
-0.50911930,
-0.63580090,
-0.56924288,
-0.65781525,
-0.72821796,
-0.67801407,
-0.67801407,
-0.67801407,
-0.67801407,
-0.67801407,
-0.67801407,
-0.67801407,
-0.67801407,
-0.67801407,
-0.67801407,
-0.67801407,
-0.67801407,
-0.67801407,
-0.67801407,
-0.67801407,
-0.67801407,
-0.67801407,
-0.67801407,
-0.67801407,
-0.64763550,
-0.59506005,
-0.50223085,
-0.30023215,
0.06962662,
0.33753362,
0.02700478,
-0.37251962,
-0.56231438,
-0.64871819,
-0.62165405,
-0.65396921,
-0.68742738,
-0.67801407,
-0.67801407,
-0.67801407,
-0.67801407,
-0.67801407,
-0.67801407,
-0.67801407,
-0.67801407,
-0.67801407,
-0.67801407,
-0.67801407,
-0.67801407,
-0.67801407,
-0.67801407,
-0.67801407,
-0.67801407,
-0.67801407,
-0.67801407,
-0.67801407,
-0.64819112,
-0.60594199,
-0.60612748,
-0.62348521,
-0.37637829,
-0.08209158,
-0.17990714,
-0.38297122,
-0.49071564,
-0.57822951,
-0.65301881,
-0.68267679,
-0.67799252,
-0.67801407,
-0.67801407,
-0.67801407,
-0.67801407,
-0.67801407,
-0.67801407,
-0.67801407,
-0.67801407,
-0.67801407,
-0.67801407,
-0.67801407,
-0.67801407,
-0.67801407,
-0.67801407,
-0.67801407,
-0.67801407,
-0.67801407,
-0.67801407,
-0.67801407,
-0.66928465,
-0.64063432,
-0.62331039,
-0.65761391,
-0.63681038,
-0.55786972,
-0.52692604,
-0.53281229,
-0.56249936,
-0.61548390,
-0.66692499,
-0.68273612,
-0.67801407,
-0.67801407,
-0.67801407,
-0.67801407,
-0.67801407,
-0.67801407,
-0.67801407,
-0.67801407,
-0.67801407,
-0.67801407,
-0.67801407,
-0.67801407,
-0.67801407,
-0.67801407,
-0.67801407,
-0.67801407,
-0.67801407,
-0.67801407,
-0.67801407,
-0.67801407,
-0.67801407,
-0.66690382,
-0.65447514,
-0.68878889,
-0.76450574,
-0.80180995,
-0.75208402,
-0.67189918,
-0.63954874,
-0.65238951,
-0.67116695,
-0.67800330,
-0.67801407,
-0.67801407,
-0.67801407,
-0.67801407,
-0.67801407,
-0.67801407,
-0.67801407,
-0.67801407,
-0.67801407,
-0.67801407,
-0.67801407,
-0.67801407,
-0.67801407,
-0.67801407,
-0.67801407,
-0.67801407,
-0.67801407,
-0.67801407,
-0.67801407,
-0.67801407,
-0.67801407,
-0.67801407,
-0.67801407,
-0.67801407,
-0.67801407,
-0.67801407,
-0.67801407,
-0.67801407,
-0.67801407,
-0.67801407,
-0.67801407,
-0.67801407,
-0.67801407,
-0.67801407,
-0.67801407,
-0.67801407,
-0.67801407,
-0.67801407,
-0.67801407,
-0.67801407,
-0.67801407,
-0.67801407,
-0.67801407,
-0.67801407,
-0.67801407,
-0.67801407,
-0.67801407,
-0.67801407,
-0.67801407,
-0.67801407,
-0.67801407,
-0.67801407,
-0.67801407,
-0.67801407,
-0.67801407,
-0.67801407,
-0.67801407,
-0.67801407,
-0.67801407,
-0.67801407,
-0.67801407,
-0.67801407,
-0.67801407,
-0.67801407,
-0.67801407,
-0.67801407,
-0.67801407,
-0.67801407,
-0.67801407,
-0.67801407,
-0.67801407,
-0.67801407,
-0.67801407,
-0.67801407,
-0.67801407,
-0.67801407,
-0.67801407,
-0.67801407,
-0.67801407,
-0.67801407,
-0.67801407,
-0.67801407,
-0.67801407,
-0.67801407,
-0.67801407,
-0.67801407,
-0.67801407,
-0.67801407,
-0.67801407,
-0.67801407,
-0.67801407,
-0.67801407,
-0.67801407,
-0.67801407,
-0.67801407,
-0.67801407,
-0.67801407,
-0.67801407,
-0.67801407,
-0.67801407,
-0.67801407,
-0.67801407,
-0.67801407,
-0.67801407,
-0.67801407,
-0.67801407,
-0.67801407,
-0.67801407,
-0.67801407,
-0.67801407,
-0.67801407,
-0.67801407,
-0.67801407,
-0.67801407,
-0.67801407,
-0.67801407,
-0.67801407,
-0.67801407,
-0.67801407,
-0.67801407,
-0.67801407,
-0.67801407,
-0.67801407,
-0.67801407,
-0.67801407,
-0.67801407,
-0.67801407,
-0.67801407,
-0.67801407,
-0.67801407,
-0.67801407,
-0.67801407,
-0.67801407,
-0.67801407,
-0.67801407,
-0.67801407,
-0.67801407,
-0.67801407,
-0.67801407,
-0.67801407,
