-0.12495123,
-0.12495123,
-0.12495123,
-0.12495123,
-0.12495123,
-0.12495123,
-0.12495123,
-0.12495123,
-0.12495123,
-0.12495123,
-0.12495123,
-0.12319503,
-0.10123210,
-0.03724774,
-0.00765030,
-0.05857020,
-0.25644843,
-0.70684314,
-1.12404313,
-1.19241720,
-1.08230570,
-0.74373522,
-0.24835268,
-0.12495123,
-0.12495123,
-0.12495123,
-0.12495123,
-0.12495123,
-0.12495123,
-0.12495123,
-0.12495123,
-0.12495123,
-0.12495123,
-0.12495123,
-0.12495123,
-0.12495123,
-0.12495123,
-0.12495123,
-0.12495123,
-0.12495123,
-0.12495123,
-0.10739109,
-0.06687103,
-0.03931576,
-0.08739334,
-0.27893858,
-0.64980860,
-0.87004588,
-0.99227842,
-1.62019488,
-2.18834868,
-2.33021264,
-2.34466984,
-1.73144286,
-0.49137699,
-0.12495123,
-0.12495123,
-0.12495123,
-0.12495123,
-0.12495123,
-0.12495123,
-0.12495123,
-0.12495123,
-0.12495123,
-0.12495123,
-0.12495123,
-0.12495123,
-0.12495123,
-0.12495123,
-0.12495123,
-0.12495123,
-0.12495123,
-0.11968310,
-0.08569533,
-0.05661348,
-0.11496262,
-0.21841192,
-0.60592865,
-1.32459162,
-1.41811547,
-0.61641249,
-0.05500697,
0.09592133,
-0.40537066,
-1.16271588,
-1.31570890,
-0.51443947,
-0.12495123,
-0.12495123,
-0.12495123,
-0.12495123,
-0.12495123,
-0.12495123,
-0.12495123,
-0.12495123,
-0.12495123,
-0.12495123,
-0.12495123,
-0.12495123,
-0.12495123,
-0.12495123,
-0.12495123,
-0.12495123,
-0.12495123,
-0.09641642,
-0.08076404,
-0.18105086,
-0.29607120,
0.17745693,
0.62580063,
0.42430767,
0.77663078,
1.79792612,
2.97335801,
3.48945448,
2.85618567,
1.78733042,
0.58116701,
-0.10947894,
-0.12495123,
-0.12495123,
-0.12495123,
-0.12495123,
-0.12495123,
-0.12495123,
-0.12495123,
-0.12495123,
-0.12495123,
-0.12495123,
-0.12495123,
-0.12495123,
-0.12495123,
-0.12495123,
-0.12495123,
-0.12495123,
-0.12495123,
-0.04131219,
-0.04012699,
-0.01710680,
0.86233031,
1.70737513,
2.22521546,
2.43089631,
2.36345344,
2.75556155,
3.19547062,
2.95509693,
2.60348619,
2.07013540,
0.93901790,
0.05708655,
-0.12495123,
-0.12495123,
-0.12495123,
-0.12495123,
-0.12495123,
-0.12495123,
-0.12495123,
-0.12495123,
-0.12495123,
-0.12495123,
-0.12495123,
-0.12495123,
-0.12495123,
-0.12495123,
-0.12495123,
-0.12495123,
-0.05822306,
-0.11905112,
-0.14174213,
0.65426901,
1.59427511,
1.73565622,
2.00076454,
2.28385470,
1.77220442,
0.83865160,
-0.17275137,
-0.61924218,
-0.25991825,
-0.00875106,
-0.20892646,
-0.14806429,
-0.12495123,
-0.12495123,
-0.12495123,
-0.12495123,
-0.12495123,
-0.12495123,
-0.12495123,
-0.12495123,
-0.12495123,
-0.12495123,
-0.12495123,
-0.12495123,
-0.12495123,
-0.12495123,
-0.12495123,
-0.12495123,
-0.18787692,
-0.13660540,
0.53695031,
1.67707785,
2.01511829,
1.32347520,
-0.37767843,
-1.39497166,
-1.26797645,
-1.82802139,
-2.21438427,
-1.68459055,
-1.09341081,
-0.86467978,
-0.60872865,
-0.27682722,
-0.12495123,
-0.12495123,
-0.12495123,
-0.12495123,
-0.12495123,
-0.12495123,
-0.12495123,
-0.12495123,
-0.12495123,
-0.12495123,
-0.12495123,
-0.12495123,
-0.12495123,
-0.12495123,
-0.12495123,
-0.12495123,
-0.11817892,
0.38912777,
1.05447357,
1.32594776,
1.63979366,
0.52969245,
-1.87828042,
-3.18152953,
-1.91798002,
-1.70827746,
-1.86435188,
-1.55145178,
-1.35323777,
-1.28517078,
-0.67864105,
-0.12495123,
-0.12495123,
-0.12495123,
-0.12495123,
-0.12495123,
-0.12495123,
-0.12495123,
-0.12495123,
-0.12495123,
-0.12495123,
-0.12495123,
-0.12495123,
-0.12495123,
-0.12495123,
-0.12495123,
-0.12495123,
-0.12495123,
0.06101997,
0.45738238,
0.42807693,
0.07544202,
0.78041232,
0.84296587,
-1.18036004,
-2.76914614,
-2.28281983,
-1.14408448,
-0.81192028,
-1.00796126,
-1.48813971,
-1.94829442,
-1.33278964,
-0.12495123,
-0.12495123,
-0.12495123,
-0.12495123,
-0.12495123,
-0.12495123,
-0.12495123,
-0.12495123,
-0.12495123,
-0.12495123,
-0.12495123,
-0.12495123,
-0.12495123,
-0.12495123,
-0.12495123,
-0.12495123,
-0.12495123,
-0.01089660,
0.09607434,
-0.39413659,
-0.88110674,
0.18750666,
1.67024496,
0.80589595,
-1.91516333,
-2.56847577,
-0.73544216,
-0.01852641,
-0.06984028,
-0.57413623,
-1.16510782,
-1.02039590,
-0.12495123,
-0.12495123,
-0.12495123,
-0.12495123,
-0.12495123,
-0.12495123,
-0.12495123,
-0.12495123,
-0.12495123,
-0.12495123,
-0.12495123,
-0.12495123,
-0.12495123,
-0.12495123,
-0.12495123,
-0.12495123,
-0.12495123,
-0.12705869,
-0.05711943,
-0.39402530,
-1.01337158,
-0.11393361,
2.26666151,
2.25074531,
-0.59970595,
-1.63943160,
-0.08469236,
0.88256964,
0.99208432,
1.05264253,
0.83897303,
0.15804030,
-0.12495123,
-0.12495123,
-0.12495123,
-0.12495123,
-0.12495123,
-0.12495123,
-0.12495123,
-0.12495123,
-0.12495123,
-0.12495123,
-0.12495123,
-0.12495123,
-0.12495123,
-0.12495123,
-0.12495123,
-0.12495123,
-0.12495123,
-0.14375667,
0.09008151,
0.02624648,
-0.90547268,
-0.26309928,
2.23694619,
3.58970886,
2.22119349,
0.83232816,
0.68794623,
0.74651138,
0.65151544,
1.27510036,
1.28212760,
0.25341122,
-0.12495123,
-0.12495123,
-0.12495123,
-0.12495123,
-0.12495123,
-0.12495123,
-0.12495123,
-0.12495123,
-0.12495123,
-0.12495123,
-0.12495123,
-0.12495123,
-0.12495123,
-0.12495123,
-0.12495123,
-0.12495123,
-0.12495123,
-0.12495123,
0.11352518,
0.01678850,
-1.06516665,
-0.80332576,
1.43569428,
4.36968864,
4.49185655,
2.13383495,
0.69169900,
-0.58139781,
-0.40002114,
0.34574601,
0.26308807,
-0.33226888,
-0.12495123,
-0.12495123,
-0.12495123,
-0.12495123,
-0.12495123,
-0.12495123,
-0.12495123,
-0.12495123,
-0.12495123,
-0.12495123,
-0.12495123,
-0.12495123,
-0.12495123,
-0.12495123,
-0.12495123,
-0.12495123,
-0.12495123,
-0.12495123,
-0.05823971,
-0.14543744,
-0.83218579,
-1.58593172,
-0.40113515,
2.17565994,
2.95995496,
0.95330572,
-0.42873060,
-1.81790061,
-1.21690670,
-0.60057405,
-0.48970954,
-0.44711206,
-0.12495123,
-0.12495123,
-0.12495123,
-0.12495123,
-0.12495123,
-0.12495123,
-0.12495123,
-0.12495123,
-0.12495123,
-0.12495123,
-0.12495123,
-0.12495123,
-0.12495123,
-0.12495123,
-0.12495123,
-0.12495123,
-0.12495123,
-0.12495123,
-0.12399898,
-0.21565743,
-0.76452130,
-1.58538748,
-1.30857758,
-0.13425117,
0.12621138,
-0.53524949,
-0.97100391,
-1.89347961,
-2.03214001,
-1.26194603,
-0.49556544,
-0.12495123,
-0.12495123,
-0.12495123,
-0.12495123,
-0.12495123,
-0.12495123,
-0.12495123,
-0.12495123,
-0.12495123,
-0.12495123,
-0.12495123,
-0.12495123,
-0.12495123,
-0.12495123,
-0.12495123,
-0.12495123,
-0.12495123,
-0.12495123,
-0.12495123,
-0.10663986,
-0.13123850,
-0.12707327,
0.05906697,
-0.41792349,
-0.36612396,
-0.58780202,
0.07328742,
0.75081654,
-0.68409247,
-2.28316849,
-1.64965284,
-0.40522939,
-0.12495123,
-0.12495123,
-0.12495123,
-0.12495123,
-0.12495123,
-0.12495123,
-0.12495123,
-0.12495123,
-0.12495123,
-0.12495123,
-0.12495123,
-0.12495123,
-0.12495123,
-0.12495123,
-0.12495123,
-0.12495123,
-0.12495123,
-0.12495123,
-0.12495123,
-0.07388470,
0.12595457,
0.69627891,
1.22074221,
0.86867203,
0.33716737,
0.18896504,
1.29178077,
2.75930513,
0.76244278,
-1.48630720,
-1.79333454,
-0.74451979,
-0.12495123,
-0.12495123,
-0.12495123,
-0.12495123,
-0.12495123,
-0.12495123,
-0.12495123,
-0.12495123,
-0.12495123,
-0.12495123,
-0.12495123,
-0.12495123,
-0.12495123,
-0.12495123,
-0.12495123,
-0.12495123,
-0.12495123,
-0.12495123,
-0.12495123,
0.01563600,
0.32317040,
0.85053782,
1.30824598,
0.98156515,
-0.15488823,
-0.54617563,
1.41847336,
3.28906666,
1.85730029,
-0.29428234,
-1.69551292,
-1.09022716,
-0.12495123,
-0.12495123,
-0.12495123,
-0.12495123,
-0.12495123,
-0.12495123,
-0.12495123,
-0.12495123,
-0.12495123,
-0.12495123,
-0.12495123,
-0.12495123,
-0.12495123,
-0.12495123,
-0.12495123,
-0.12495123,
-0.12495123,
-0.12495123,
-0.12495123,
0.11669261,
0.39509589,
0.47626926,
0.91334791,
0.59156835,
-0.91243922,
-2.10242690,
-0.04012369,
2.44473130,
2.30977327,
0.60778628,
-1.36827458,
-1.21292241,
-0.12495123,
-0.12495123,
-0.12495123,
-0.12495123,
-0.12495123,
-0.12495123,
-0.12495123,
-0.12495123,
-0.12495123,
-0.12495123,
-0.12495123,
-0.12495123,
-0.12495123,
-0.12495123,
-0.12495123,
-0.12495123,
-0.12495123,
-0.12495123,
-0.12495123,
0.18170291,
0.34301419,
-0.11432333,
0.23500996,
0.78842139,
-0.46767720,
-2.92668830,
-1.83894418,
1.14034492,
1.73770885,
0.90817325,
-0.87864967,
-1.11543990,
-0.12495123,
-0.12495123,
-0.12495123,
-0.12495123,
-0.12495123,
-0.12495123,
-0.12495123,
-0.12495123,
-0.12495123,
-0.12495123,
-0.12495123,
-0.12495123,
-0.12495123,
-0.12495123,
-0.12495123,
-0.12495123,
-0.12495123,
-0.12495123,
-0.12495123,
0.12171433,
0.16830902,
-0.45062176,
0.12615786,
1.81550935,
0.83077432,
-3.02874472,
-3.29809501,
-0.35796214,
0.61513122,
0.76652461,
-0.23760381,
-0.78855493,
-0.12495123,
-0.12495123,
-0.12495123,
-0.12495123,
-0.12495123,
-0.12495123,
-0.12495123,
-0.12495123,
-0.12495123,
-0.12495123,
-0.12495123,
-0.12495123,
-0.12495123,
-0.12495123,
-0.12495123,
-0.12495123,
-0.12495123,
-0.12495123,
-0.12495123,
0.23785272,
0.34816553,
-0.78326114,
-0.75579308,
1.79641170,
2.56455646,
-1.19171414,
-2.63675176,
-0.86940740,
0.01805709,
0.92102504,
0.68163745,
-0.22640650,
-0.12495123,
-0.12495123,
-0.12495123,
-0.12495123,
-0.12495123,
-0.12495123,
-0.12495123,
-0.12495123,
-0.12495123,
-0.12495123,
-0.12495123,
-0.12495123,
-0.12495123,
-0.12495123,
-0.12495123,
-0.12495123,
-0.12495123,
-0.12495123,
-0.12495123,
0.05636729,
-0.18754288,
-1.30954656,
-0.86673285,
2.40940650,
4.54325312,
2.01078988,
-0.34552862,
-0.32688248,
-0.12414078,
0.82901968,
0.86814261,
-0.01696094,
-0.12495123,
-0.12495123,
-0.12495123,
-0.12495123,
-0.12495123,
-0.12495123,
-0.12495123,
-0.12495123,
-0.12495123,
-0.12495123,
-0.12495123,
-0.12495123,
-0.12495123,
-0.12495123,
-0.12495123,
-0.12495123,
-0.12495123,
-0.12495123,
-0.12495123,
-0.04175469,
-0.04259375,
-0.58992478,
-0.72139467,
1.38056488,
4.48961363,
4.14370844,
1.72944206,
0.31898599,
-0.19703144,
0.27024458,
0.17116947,
-0.26114695,
-0.12495123,
-0.12495123,
-0.12495123,
-0.12495123,
-0.12495123,
-0.12495123,
-0.12495123,
-0.12495123,
-0.12495123,
-0.12495123,
-0.12495123,
-0.12495123,
-0.12495123,
-0.12495123,
-0.12495123,
-0.12495123,
-0.12495123,
-0.12495123,
-0.12495123,
-0.02540833,
0.04511304,
-0.40533599,
-1.14711478,
-0.16772568,
2.20320515,
2.50883019,
1.27011044,
0.65477540,
0.18740113,
-0.23853524,
-0.49125653,
-0.41033620,
-0.12495123,
-0.12495123,
-0.12495123,
-0.12495123,
-0.12495123,
-0.12495123,
-0.12495123,
-0.12495123,
-0.12495123,
-0.12495123,
-0.12495123,
-0.12495123,
-0.12495123,
-0.12495123,
-0.12495123,
-0.12495123,
-0.12495123,
-0.12495123,
-0.12495123,
-0.13591396,
-0.22249673,
-0.70103187,
-1.64175534,
-2.23951060,
-1.93296654,
-1.56063257,
-0.80245780,
-0.07981809,
-0.07804243,
-0.31716252,
-0.34351440,
-0.18938339,
-0.12495123,
-0.12495123,
-0.12495123,
-0.12495123,
-0.12495123,
-0.12495123,
-0.12495123,
-0.12495123,
-0.12495123,
-0.12495123,
-0.12495123,
-0.12495123,
-0.12495123,
-0.12495123,
-0.12495123,
-0.12495123,
-0.12495123,
-0.12495123,
-0.12495123,
-0.13972684,
-0.20402684,
-0.52315262,
-1.39065767,
-2.57938798,
-3.30704835,
-3.17907451,
-2.25800129,
-1.29899459,
-0.72558859,
-0.41413057,
-0.22162099,
-0.12495123,
-0.12495123,
-0.12495123,
-0.12495123,
-0.12495123,
-0.12495123,
-0.12495123,
-0.12495123,
-0.12495123,
-0.12495123,
-0.12495123,
-0.12495123,
-0.12495123,
-0.12495123,
-0.12495123,
-0.12495123,
-0.12495123,
-0.12495123,
-0.12495123,
-0.12495123,
-0.12495123,
-0.14375667,
-0.24892101,
-0.54768562,
-0.98676782,
-1.32502997,
-1.38658214,
-1.17753227,
-0.84568807,
-0.51212217,
-0.27038374,
-0.15716731,
-0.12495123,
-0.12495123,
-0.12495123,
-0.12495123,
-0.12495123,
-0.12495123,
-0.12495123,
-0.12495123,
-0.12495123,
-0.12495123,
-0.12495123,
-0.12495123,
-0.12495122,
-0.12495123,
-0.12495123,
-0.12495123,
-0.12495123,
-0.12495123,
-0.12495123,
-0.12495123,
-0.12495123,
-0.12495123,
-0.12495123,
-0.12495123,
-0.12495123,
-0.12495123,
-0.12495123,
-0.12495123,
-0.12495123,
-0.12495123,
-0.12495123,
-0.12495123,
-0.12495123,
-0.12495123,
-0.12495123,
-0.12495123,
-0.12495123,
-0.12495123,
-0.12495123,
-0.12495123,
-0.12495123,
-0.12495123,
-0.12495123,
-0.12495123,
-0.12495123,
-0.12495123,
-0.12495123,
-0.12495123,
-0.12495123,
-0.12495123,
-0.12495123,
-0.12495123,
-0.12495123,
-0.12495123,
-0.12495123,
-0.12495123,
-0.12495123,
-0.12495123,
-0.12495123,
-0.12495123,
-0.12495123,
-0.12495123,
-0.12495123,
-0.12495123,
-0.12495123,
-0.12495123,
-0.12495123,
-0.12495123,
-0.12495123,
-0.12495123,
-0.12495123,
-0.12495123,
-0.12495123,
-0.12495123,
-0.12495123,
-0.12495123,
-0.12495122,
-0.12495123,
-0.12495123,
-0.12495123,
-0.12495123,
-0.12495123,
-0.12495123,
-0.12495123,
-0.12495123,
-0.12495123,
-0.12495123,
-0.12495123,
-0.12495123,
-0.12495123,
-0.12495123,
-0.12495123,
-0.12495123,
-0.12495123,
-0.12495123,
-0.12495123,
-0.12495123,
-0.12495123,
-0.12495123,
-0.12495123,
-0.12495123,
-0.12495123,
-0.12495123,
-0.12495123,
-0.12495123,
-0.12495123,
-0.12495123,
-0.12495123,
-0.12495123,
-0.12495123,
-0.12495123,
-0.12495123,
-0.12495123,
-0.12495123,
-0.12495123,
-0.12495123,
-0.12495123,
-0.12495123,
-0.12495123,
-0.12495123,
-0.12495123,
-0.12495123,
-0.12495123,
-0.12495123,
-0.12495123,
-0.12495123,
-0.12495123,
-0.12495123,
-0.12495123,
-0.12495123,
-0.12495123,
-0.12495123,
-0.12495123,
-0.12495123,
-0.12495123,
-0.12495123,
-0.12495123,
-0.12495123,
-0.12495123,
-0.12495123,
