6.575680971145629883e-01
6.575680971145629883e-01
6.575680971145629883e-01
6.575680971145629883e-01
6.575680971145629883e-01
6.575680971145629883e-01
6.575680971145629883e-01
6.575680971145629883e-01
6.575680971145629883e-01
6.575680971145629883e-01
6.575680971145629883e-01
6.551092267036437988e-01
6.205542683601379395e-01
4.817462265491485596e-01
2.786746323108673096e-01
1.843401938676834106e-01
2.706334292888641357e-01
5.100178122520446777e-01
8.389351367950439453e-01
1.039652228355407715e+00
9.919484853744506836e-01
8.321219086647033691e-01
6.889530420303344727e-01
6.575680971145629883e-01
6.575680971145629883e-01
6.575680971145629883e-01
6.575680971145629883e-01
6.575680971145629883e-01
6.575680971145629883e-01
6.575680971145629883e-01
6.575680971145629883e-01
6.575680971145629883e-01
6.575680971145629883e-01
6.575680971145629883e-01
6.575680971145629883e-01
6.575680971145629883e-01
6.575680971145629883e-01
6.329791545867919922e-01
5.382368564605712891e-01
3.899835646152496338e-01
2.588104009628295898e-01
4.762963950634002686e-02
-2.924252450466156006e-01
-5.202984809875488281e-01
-4.183170497417449951e-01
1.109254285693168640e-01
9.110897779464721680e-01
1.501338243484497070e+00
1.514606237411499023e+00
1.147462010383605957e+00
7.560271024703979492e-01
6.575680971145629883e-01
6.575680971145629883e-01
6.575680971145629883e-01
6.575680971145629883e-01
6.575680971145629883e-01
6.575680971145629883e-01
6.575680971145629883e-01
6.575680971145629883e-01
6.575680971145629883e-01
6.575680971145629883e-01
6.575680971145629883e-01
6.575680971145629883e-01
6.575680971145629883e-01
6.501914262771606445e-01
5.394089818000793457e-01
1.619535982608795166e-01
-3.663484454154968262e-01
-6.403194069862365723e-01
-5.731700062751770020e-01
-5.232352614402770996e-01
-6.775876879692077637e-01
-7.336727976799011230e-01
-3.326733112335205078e-01
4.075243175029754639e-01
1.211714148521423340e+00
1.475903034210205078e+00
1.144078493118286133e+00
7.722277641296386719e-01
6.575680971145629883e-01
6.575680971145629883e-01
6.575680971145629883e-01
6.575680971145629883e-01
6.575680971145629883e-01
6.575680971145629883e-01
6.575680971145629883e-01
6.575680971145629883e-01
6.575680971145629883e-01
6.575680971145629883e-01
6.575680971145629883e-01
6.575680971145629883e-01
6.575680971145629883e-01
6.020748019218444824e-01
3.186740875244140625e-01
-3.505388498306274414e-01
-1.043513655662536621e+00
-1.334067463874816895e+00
-1.210143089294433594e+00
-9.445785880088806152e-01
-8.967974781990051270e-01
-7.766612172126770020e-01
-4.324335157871246338e-01
9.241713583469390869e-02
7.732347846031188965e-01
9.985617995262145996e-01
7.518298029899597168e-01
6.780901551246643066e-01
6.575680971145629883e-01
6.575680971145629883e-01
6.575680971145629883e-01
6.575680971145629883e-01
6.575680971145629883e-01
6.575680971145629883e-01
6.575680971145629883e-01
6.575680971145629883e-01
6.575680971145629883e-01
6.575680971145629883e-01
6.575680971145629883e-01
6.575680971145629883e-01
6.575680971145629883e-01
4.389239251613616943e-01
-1.891095191240310669e-01
-9.722278714179992676e-01
-1.684564352035522461e+00
-1.771358132362365723e+00
-1.147023081779479980e+00
-8.361432552337646484e-01
-1.054981946945190430e+00
-1.171830534934997559e+00
-9.826833605766296387e-01
-3.039037287235260010e-01
5.601775646209716797e-01
7.822026610374450684e-01
5.372798442840576172e-01
6.001896262168884277e-01
6.575680971145629883e-01
6.575680971145629883e-01
6.575680971145629883e-01
6.575680971145629883e-01
6.575680971145629883e-01
6.575680971145629883e-01
6.575680971145629883e-01
6.575680971145629883e-01
6.575680971145629883e-01
6.575680971145629883e-01
6.575680971145629883e-01
6.575680971145629883e-01
5.641300082206726074e-01
1.663210988044738770e-01
-6.472827196121215820e-01
-1.607386469841003418e+00
-2.139852285385131836e+00
-1.725446224212646484e+00
-9.052732586860656738e-01
-7.907587885856628418e-01
-1.084593772888183594e+00
-1.225124597549438477e+00
-1.080282449722290039e+00
-4.094491302967071533e-01
3.870022594928741455e-01
6.715519428253173828e-01
5.547272562980651855e-01
5.996193289756774902e-01
6.575680971145629883e-01
6.575680971145629883e-01
6.575680971145629883e-01
6.575680971145629883e-01
6.575680971145629883e-01
6.575680971145629883e-01
6.575680971145629883e-01
6.575680971145629883e-01
6.575680971145629883e-01
6.575680971145629883e-01
6.575680971145629883e-01
6.575680971145629883e-01
5.488861799240112305e-01
6.056331843137741089e-02
-1.090367913246154785e+00
-2.440914869308471680e+00
-2.614275693893432617e+00
-1.682530760765075684e+00
-7.394700646400451660e-01
-3.779225349426269531e-01
-5.279821157455444336e-01
-5.764544010162353516e-01
-4.110415577888488770e-01
3.840335458517074585e-02
3.946476280689239502e-01
5.677325129508972168e-01
6.262459754943847656e-01
6.295784115791320801e-01
6.575680971145629883e-01
6.575680971145629883e-01
6.575680971145629883e-01
6.575680971145629883e-01
6.575680971145629883e-01
6.575680971145629883e-01
6.575680971145629883e-01
6.575680971145629883e-01
6.575680971145629883e-01
6.575680971145629883e-01
6.575680971145629883e-01
6.575680971145629883e-01
6.136459708213806152e-01
4.232981428503990173e-02
-1.498161911964416504e+00
-3.061120033264160156e+00
-3.074445724487304688e+00
-1.251669049263000488e+00
3.502735793590545654e-01
3.413440585136413574e-01
-2.398628443479537964e-01
-4.510896205902099609e-01
-1.858264207839965820e-01
5.899625420570373535e-01
9.998365044593811035e-01
9.041954874992370605e-01
7.923325896263122559e-01
6.575680971145629883e-01
6.575680971145629883e-01
6.575680971145629883e-01
6.575680971145629883e-01
6.575680971145629883e-01
6.575680971145629883e-01
6.575680971145629883e-01
6.575680971145629883e-01
6.575680971145629883e-01
6.575680971145629883e-01
6.575680971145629883e-01
6.575680971145629883e-01
6.575680971145629883e-01
6.122950911521911621e-01
9.757318347692489624e-02
-1.611538767814636230e+00
-3.548689365386962891e+00
-3.302857875823974609e+00
-9.832965731620788574e-01
7.242026925086975098e-01
8.349769711494445801e-01
1.285780370235443115e-01
-4.488436579704284668e-01
-1.837954968214035034e-01
6.601139307022094727e-01
1.327844262123107910e+00
1.335993170738220215e+00
9.877963662147521973e-01
6.575680971145629883e-01
6.575680971145629883e-01
6.575680971145629883e-01
6.575680971145629883e-01
6.575680971145629883e-01
6.575680971145629883e-01
6.575680971145629883e-01
6.575680971145629883e-01
6.575680971145629883e-01
6.575680971145629883e-01
6.575680971145629883e-01
6.575680971145629883e-01
6.575680971145629883e-01
6.441996693611145020e-01
1.298185288906097412e-01
-1.629972934722900391e+00
-3.640426635742187500e+00
-3.564600229263305664e+00
-9.744020104408264160e-01
9.224494099617004395e-01
5.996081233024597168e-01
-1.400545835494995117e-01
-7.053700685501098633e-01
-3.299128115177154541e-01
5.714256167411804199e-01
1.349397897720336914e+00
1.378215193748474121e+00
9.366950392723083496e-01
6.575680971145629883e-01
6.575680971145629883e-01
6.575680971145629883e-01
6.575680971145629883e-01
6.575680971145629883e-01
6.575680971145629883e-01
6.575680971145629883e-01
6.575680971145629883e-01
6.575680971145629883e-01
6.575680971145629883e-01
6.575680971145629883e-01
6.575680971145629883e-01
6.575680971145629883e-01
6.686047315597534180e-01
3.456582129001617432e-01
-1.189950823783874512e+00
-3.416047334671020508e+00
-3.853879690170288086e+00
-1.847175598144531250e+00
-5.941633880138397217e-02
1.585318706929683685e-02
-4.685062170028686523e-01
-7.538670301437377930e-01
-1.903574466705322266e-01
7.024825215339660645e-01
1.296634674072265625e+00
1.102463483810424805e+00
6.582039594650268555e-01
6.575680971145629883e-01
6.575680971145629883e-01
6.575680971145629883e-01
6.575680971145629883e-01
6.575680971145629883e-01
6.575680971145629883e-01
6.575680971145629883e-01
6.575680971145629883e-01
6.575680971145629883e-01
6.575680971145629883e-01
6.575680971145629883e-01
6.575680971145629883e-01
6.575680971145629883e-01
6.681966185569763184e-01
5.536024570465087891e-01
-5.813295841217041016e-01
-2.780925035476684570e+00
-3.834099531173706055e+00
-2.742700338363647461e+00
-1.232489943504333496e+00
-8.231702446937561035e-01
-1.019596815109252930e+00
-7.925996184349060059e-01
-2.232889235019683838e-01
5.418711304664611816e-01
1.109468579292297363e+00
8.568158745765686035e-01
4.784660339355468750e-01
6.575680971145629883e-01
6.575680971145629883e-01
6.575680971145629883e-01
6.575680971145629883e-01
6.575680971145629883e-01
6.575680971145629883e-01
6.575680971145629883e-01
6.575680971145629883e-01
6.575680971145629883e-01
6.575680971145629883e-01
6.575680971145629883e-01
6.575680971145629883e-01
6.575680971145629883e-01
6.575680971145629883e-01
6.338534951210021973e-01
-1.150003522634506226e-01
-1.933656334877014160e+00
-3.471508741378784180e+00
-3.447688579559326172e+00
-2.352764606475830078e+00
-1.655310511589050293e+00
-1.391067743301391602e+00
-7.235868573188781738e-01
4.124981909990310669e-02
5.199705362319946289e-01
8.194473385810852051e-01
6.765493154525756836e-01
5.054743885993957520e-01
6.575680971145629883e-01
6.575680971145629883e-01
6.575680971145629883e-01
6.575680971145629883e-01
6.575680971145629883e-01
6.575680971145629883e-01
6.575680971145629883e-01
6.575680971145629883e-01
6.575680971145629883e-01
6.575680971145629883e-01
6.575680971145629883e-01
6.575680971145629883e-01
6.575680971145629883e-01
6.575680971145629883e-01
6.510946154594421387e-01
8.066051453351974487e-02
-1.544337272644042969e+00
-3.206183195114135742e+00
-3.769814729690551758e+00
-3.023112058639526367e+00
-2.185492753982543945e+00
-1.515251636505126953e+00
-2.976996898651123047e-01
7.204077243804931641e-01
7.991884350776672363e-01
6.651798486709594727e-01
5.876258015632629395e-01
5.981959700584411621e-01
6.575680971145629883e-01
6.575680971145629883e-01
6.575680971145629883e-01
6.575680971145629883e-01
6.575680971145629883e-01
6.575680971145629883e-01
6.575680971145629883e-01
6.575680971145629883e-01
6.575680971145629883e-01
6.575680971145629883e-01
6.575680971145629883e-01
6.575680971145629883e-01
6.575680971145629883e-01
6.575680971145629883e-01
6.053436398506164551e-01
1.099613383412361145e-01
-1.281664490699768066e+00
-3.000985383987426758e+00
-3.844885110855102539e+00
-3.410466909408569336e+00
-2.727292299270629883e+00
-1.608293056488037109e+00
2.245840728282928467e-01
1.249598622322082520e+00
1.251635193824768066e+00
8.219016790390014648e-01
5.940394401550292969e-01
6.575680971145629883e-01
6.575680971145629883e-01
6.575680971145629883e-01
6.575680971145629883e-01
6.575680971145629883e-01
6.575680971145629883e-01
6.575680971145629883e-01
6.575680971145629883e-01
6.575680971145629883e-01
6.575680971145629883e-01
6.575680971145629883e-01
6.575680971145629883e-01
6.575680971145629883e-01
6.575680971145629883e-01
6.575680971145629883e-01
5.052642226219177246e-01
-4.565048217773437500e-02
-1.209796071052551270e+00
-2.867599964141845703e+00
-3.640889883041381836e+00
-3.207110881805419922e+00
-2.830118894577026367e+00
-1.906510233879089355e+00
2.147694975137710571e-01
1.527157902717590332e+00
1.512456893920898438e+00
9.808200001716613770e-01
7.130487561225891113e-01
6.575680971145629883e-01
6.575680971145629883e-01
6.575680971145629883e-01
6.575680971145629883e-01
6.575680971145629883e-01
6.575680971145629883e-01
6.575680971145629883e-01
6.575680971145629883e-01
6.575680971145629883e-01
6.575680971145629883e-01
6.575680971145629883e-01
6.575680971145629883e-01
6.575680971145629883e-01
6.575680971145629883e-01
6.575680971145629883e-01
4.241328537464141846e-01
-3.921908736228942871e-01
-1.620966196060180664e+00
-2.599476575851440430e+00
-2.847057342529296875e+00
-2.676435232162475586e+00
-2.942108631134033203e+00
-2.463315010070800781e+00
-3.358822166919708252e-01
1.294958710670471191e+00
1.623461961746215820e+00
1.200943470001220703e+00
8.235003352165222168e-01
6.575680971145629883e-01
6.575680971145629883e-01
6.575680971145629883e-01
6.575680971145629883e-01
6.575680971145629883e-01
6.575680971145629883e-01
6.575680971145629883e-01
6.575680971145629883e-01
6.575680971145629883e-01
6.575680971145629883e-01
6.575680971145629883e-01
6.575680971145629883e-01
6.575680971145629883e-01
6.575680971145629883e-01
6.575680971145629883e-01
3.697718083858489990e-01
-7.008159756660461426e-01
-2.196368932723999023e+00
-2.841283798217773438e+00
-2.125612020492553711e+00
-1.707695841789245605e+00
-2.866344928741455078e+00
-3.210978746414184570e+00
-1.230160474777221680e+00
9.508450031280517578e-01
1.632168412208557129e+00
1.348927497863769531e+00
9.322181344032287598e-01
6.575680971145629883e-01
6.575680971145629883e-01
6.575680971145629883e-01
6.575680971145629883e-01
6.575680971145629883e-01
6.575680971145629883e-01
6.575680971145629883e-01
6.575680971145629883e-01
6.575680971145629883e-01
6.575680971145629883e-01
6.575680971145629883e-01
6.575680971145629883e-01
6.575680971145629883e-01
6.575680971145629883e-01
6.575680971145629883e-01
3.521540760993957520e-01
-9.422888159751892090e-01
-2.726434230804443359e+00
-3.078057527542114258e+00
-1.415995001792907715e+00
-7.207398414611816406e-01
-2.584512472152709961e+00
-3.752904415130615234e+00
-2.077200174331665039e+00
5.134267807006835938e-01
1.592342019081115723e+00
1.441793084144592285e+00
9.782466292381286621e-01
6.575680971145629883e-01
6.575680971145629883e-01
6.575680971145629883e-01
6.575680971145629883e-01
6.575680971145629883e-01
6.575680971145629883e-01
6.575680971145629883e-01
6.575680971145629883e-01
6.575680971145629883e-01
6.575680971145629883e-01
6.575680971145629883e-01
6.575680971145629883e-01
6.575680971145629883e-01
6.575680971145629883e-01
6.575680971145629883e-01
3.631553053855895996e-01
-1.083327054977416992e+00
-3.102352857589721680e+00
-3.141584873199462891e+00
-9.057455062866210938e-01
-1.174516081809997559e-01
-2.313111066818237305e+00
-3.832630634307861328e+00
-2.399262666702270508e+00
1.802187412977218628e-01
1.584258556365966797e+00
1.493039250373840332e+00
9.356585741043090820e-01
6.575680971145629883e-01
6.575680971145629883e-01
6.575680971145629883e-01
6.575680971145629883e-01
6.575680971145629883e-01
6.575680971145629883e-01
6.575680971145629883e-01
6.575680971145629883e-01
6.575680971145629883e-01
6.575680971145629883e-01
6.575680971145629883e-01
6.575680971145629883e-01
6.575680971145629883e-01
6.575680971145629883e-01
6.575680971145629883e-01
4.861364960670471191e-01
-8.649755716323852539e-01
-3.208370208740234375e+00
-3.589202642440795898e+00
-1.237066388130187988e+00
-4.089187085628509521e-02
-1.979527831077575684e+00
-3.370362997055053711e+00
-2.137285232543945312e+00
6.096211820840835571e-02
1.556707739830017090e+00
1.422637224197387695e+00
7.934045791625976562e-01
6.575680971145629883e-01
6.575680971145629883e-01
6.575680971145629883e-01
6.575680971145629883e-01
6.575680971145629883e-01
6.575680971145629883e-01
6.575680971145629883e-01
6.575680971145629883e-01
6.575680971145629883e-01
6.575680971145629883e-01
6.575680971145629883e-01
6.575680971145629883e-01
6.575680971145629883e-01
6.575680971145629883e-01
6.575680971145629883e-01
5.262145996093750000e-01
-7.246172428131103516e-01
-3.061146736145019531e+00
-3.717937231063842773e+00
-1.690141558647155762e+00
-5.106546878814697266e-01
-1.963734865188598633e+00
-2.674147605895996094e+00
-1.499830484390258789e+00
7.015950977802276611e-02
1.323621034622192383e+00
1.116162657737731934e+00
5.756770372390747070e-01
6.575680971145629883e-01
6.575680971145629883e-01
6.575680971145629883e-01
6.575680971145629883e-01
6.575680971145629883e-01
6.575680971145629883e-01
6.575680971145629883e-01
6.575680971145629883e-01
6.575680971145629883e-01
6.575680971145629883e-01
6.575680971145629883e-01
6.575680971145629883e-01
6.575680971145629883e-01
6.575680971145629883e-01
6.575680971145629883e-01
5.865274071693420410e-01
-3.317514657974243164e-01
-2.334758043289184570e+00
-3.534410238265991211e+00
-2.598269462585449219e+00
-1.481080532073974609e+00
-2.014833927154541016e+00
-2.108989000320434570e+00
-9.366909861564636230e-01
2.404048442840576172e-01
1.118785738945007324e+00
8.409006595611572266e-01
4.593580663204193115e-01
6.575680971145629883e-01
6.575680971145629883e-01
6.575680971145629883e-01
6.575680971145629883e-01
6.575680971145629883e-01
6.575680971145629883e-01
6.575680971145629883e-01
6.575680971145629883e-01
6.575680971145629883e-01
6.575680971145629883e-01
6.575680971145629883e-01
6.575680971145629883e-01
6.575680971145629883e-01
6.575680971145629883e-01
6.575680971145629883e-01
6.771012544631958008e-01
9.496628493070602417e-02
-1.556090235710144043e+00
-2.952787399291992188e+00
-2.555749654769897461e+00
-1.776433467864990234e+00
-2.260882377624511719e+00
-1.955988883972167969e+00
-6.091532707214355469e-01
3.050320446491241455e-01
8.496246933937072754e-01
6.880868673324584961e-01
4.964734911918640137e-01
6.575680971145629883e-01
6.575680971145629883e-01
6.575680971145629883e-01
6.575680971145629883e-01
6.575680971145629883e-01
6.575680971145629883e-01
6.575680971145629883e-01
6.575680971145629883e-01
6.575680971145629883e-01
6.575680971145629883e-01
6.575680971145629883e-01
6.575680971145629883e-01
6.575680971145629883e-01
6.575680971145629883e-01
6.575680971145629883e-01
6.463251113891601562e-01
3.655853867530822754e-01
-5.540795922279357910e-01
-1.778363108634948730e+00
-2.161065578460693359e+00
-1.860093712806701660e+00
-1.933776140213012695e+00
-1.485168218612670898e+00
-4.376954436302185059e-01
2.530182898044586182e-01
5.926049947738647461e-01
6.053710579872131348e-01
5.821961760520935059e-01
6.575680971145629883e-01
6.575680971145629883e-01
6.575680971145629883e-01
6.575680971145629883e-01
6.575680971145629883e-01
6.575680971145629883e-01
6.575680971145629883e-01
6.575680971145629883e-01
6.575680971145629883e-01
6.575680971145629883e-01
6.575680971145629883e-01
6.575680971145629883e-01
6.575680971145629883e-01
6.575680971145629883e-01
6.575680971145629883e-01
6.714997291564941406e-01
5.311685800552368164e-01
-9.926319122314453125e-02
-1.107133507728576660e+00
-1.499667525291442871e+00
-1.239096999168395996e+00
-1.087998986244201660e+00
-5.887237191200256348e-01
1.377143263816833496e-01
5.079500079154968262e-01
5.700246095657348633e-01
5.921672582626342773e-01
6.456937193870544434e-01
6.575680971145629883e-01
6.575680971145629883e-01
6.575680971145629883e-01
6.575680971145629883e-01
6.575680971145629883e-01
6.575680971145629883e-01
6.575680971145629883e-01
6.575680971145629883e-01
6.575680971145629883e-01
6.575680971145629883e-01
6.575680971145629883e-01
6.575680971145629883e-01
6.575680971145629883e-01
6.575680971145629883e-01
6.575680971145629883e-01
6.659190654754638672e-01
6.487607955932617188e-01
4.173313081264495850e-01
-1.551878899335861206e-01
-6.574069857597351074e-01
-7.214697599411010742e-01
-4.298230111598968506e-01
6.376332789659500122e-02
4.547059535980224609e-01
6.001422405242919922e-01
6.100978255271911621e-01
6.283639073371887207e-01
6.575680971145629883e-01
6.575680971145629883e-01
6.575680971145629883e-01
6.575680971145629883e-01
6.575680971145629883e-01
6.575680971145629883e-01
6.575680971145629883e-01
6.575680971145629883e-01
6.575680971145629883e-01
6.575680971145629883e-01
6.575680971145629883e-01
6.575680971145629883e-01
6.575680971145629883e-01
6.575680971145629883e-01
6.575680971145629883e-01
6.575680971145629883e-01
6.575680971145629883e-01
6.681966185569763184e-01
6.470127105712890625e-01
4.876421391963958740e-01
2.362424135208129883e-01
1.114358007907867432e-01
2.291843295097351074e-01
4.538969099521636963e-01
5.940290093421936035e-01
6.353032588958740234e-01
6.440691351890563965e-01
6.516308784484863281e-01
6.575680971145629883e-01
6.575680971145629883e-01
6.575680971145629883e-01
6.575680971145629883e-01
6.575680971145629883e-01
6.575680971145629883e-01
6.575680971145629883e-01
6.575680971145629883e-01
