8.340908885002136230e-01
9.377333521842956543e-01
4.883198142051696777e-01
-1.025916934013366699e+00
-1.563283920288085938e+00
-1.791979670524597168e+00
-1.672196745872497559e+00
-9.425014853477478027e-01
-1.691333502531051636e-01
8.146220445632934570e-01
8.619815111160278320e-01
1.154005527496337891e+00
4.084931313991546631e-01
-1.223936200141906738e+00
-2.490937471389770508e+00
-2.995528459548950195e+00
-2.017325401306152344e+00
-1.070978585630655289e-03
1.505231618881225586e+00
1.206592440605163574e+00
8.365129232406616211e-01
7.589949965476989746e-01
7.446197867393493652e-01
-6.051910519599914551e-01
-2.638202428817749023e+00
-2.540668010711669922e+00
-3.763169050216674805e-01
5.962347984313964844e-01
7.315755486488342285e-01
7.539367079734802246e-01
7.615801095962524414e-01
7.614119648933410645e-01
1.312747478485107422e+00
3.463661670684814453e-01
-8.907629847526550293e-01
-1.317485809326171875e+00
-1.564638465642929077e-01
6.779678910970687866e-02
-3.303136304020881653e-02
6.208450198173522949e-01
7.525731325149536133e-01
5.189135670661926270e-01
1.480843186378479004e+00
9.291960597038269043e-01
1.700310707092285156e-01
-7.033739686012268066e-01
-4.444240331649780273e-01
-3.835653364658355713e-01
6.129178404808044434e-01
1.145863652229309082e+00
7.529557943344116211e-01
5.182266831398010254e-01
9.501230716705322266e-01
2.283391952514648438e-01
1.642334610223770142e-01
-5.721803307533264160e-01
-7.003033161163330078e-01
-8.134327828884124756e-02
1.325248003005981445e+00
1.090771913528442383e+00
7.809598445892333984e-01
9.121128916740417480e-01
4.443482458591461182e-01
1.010251939296722412e-01
1.478655356913805008e-02
-1.121168017387390137e+00
-3.392898738384246826e-01
3.373160660266876221e-01
1.081634163856506348e+00
7.902771830558776855e-01
8.386280536651611328e-01
9.400076270103454590e-01
3.566985428333282471e-01
-3.376619145274162292e-02
-2.804968357086181641e-01
-5.892170667648315430e-01
1.316016674041748047e+00
4.307626783847808838e-01
7.322126030921936035e-01
9.047289490699768066e-01
8.534154295921325684e-01
6.688264012336730957e-01
4.463681280612945557e-01
-4.280257523059844971e-01
-4.415041506290435791e-01
-7.105731368064880371e-01
1.001486778259277344e+00
5.115203261375427246e-01
1.038382530212402344e+00
1.071473002433776855e+00
8.579308390617370605e-01
5.389385223388671875e-01
6.884853243827819824e-01
-4.664352536201477051e-01
2.820529639720916748e-01
-5.919274687767028809e-01
-1.453273743391036987e-01
6.059297919273376465e-01
1.443379521369934082e+00
1.261388421058654785e+00
