-7.053481340408325195e-01
1.234242200851440430e+00
-3.050109446048736572e-01
-3.641044199466705322e-01
-9.912421107292175293e-01
-3.793218731880187988e-01
-5.059379339218139648e-01
-2.334761470556259155e-01
1.562192011624574661e-02
5.781238526105880737e-02
-4.412740468978881836e-01
1.702629923820495605e+00
4.438771307468414307e-01
1.523441195487976074e+00
8.995906263589859009e-02
1.340761423110961914e+00
-8.709198236465454102e-01
-8.439320325851440430e-01
-2.775298357009887695e-01
3.252130150794982910e-01
-2.166008353233337402e-01
1.358920574188232422e+00
1.630187869071960449e+00
3.609521865844726562e+00
2.313436269760131836e+00
-2.658023238182067871e-01
-6.143718957901000977e-01
-4.131458103656768799e-01
2.163528800010681152e-01
1.210381276905536652e-02
-1.636617481708526611e-01
1.484547019004821777e+00
1.142290234565734863e+00
3.523719310760498047e+00
1.807754516601562500e+00
-2.047061920166015625e+00
-1.145824909210205078e+00
2.202753722667694092e-01
2.518303692340850830e-01
1.388371884822845459e-01
-3.734184801578521729e-01
1.035594701766967773e+00
2.053252458572387695e-01
1.070688009262084961e+00
3.313831984996795654e-01
-1.256325125694274902e+00
-1.150230407714843750e+00
1.537001252174377441e+00
-5.027383565902709961e-01
-2.728335857391357422e-01
-5.948417782783508301e-01
1.146908760070800781e+00
3.483934402465820312e-01
8.026608824729919434e-01
1.160694360733032227e+00
2.140907764434814453e+00
-1.428686231374740601e-01
1.129037499427795410e+00
-5.891644954681396484e-01
-3.428070545196533203e-01
-5.899737477302551270e-01
1.773561954498291016e+00
4.145777225494384766e-01
3.296335458755493164e+00
1.211034297943115234e+00
4.411913871765136719e+00
8.276458978652954102e-01
9.445251226425170898e-01
4.304210245609283447e-01
-2.065640985965728760e-01
-4.343616068363189697e-01
1.637866377830505371e+00
4.455251097679138184e-01
4.305918693542480469e+00
6.801118850708007812e-01
1.451542615890502930e+00
9.185895919799804688e-01
5.617964863777160645e-01
1.451891541481018066e+00
4.544087350368499756e-01
-3.428595662117004395e-01
1.183645009994506836e+00
7.139784693717956543e-01
4.027633190155029297e+00
8.640238046646118164e-01
-1.841375231742858887e+00
5.470446944236755371e-01
5.175728797912597656e-01
8.886037468910217285e-01
5.173490047454833984e-01
-3.951293826103210449e-01
7.224510908126831055e-01
-2.820015847682952881e-01
8.202804923057556152e-01
-7.282064855098724365e-02
-3.372953414916992188e+00
-1.044080257415771484e+00
-5.357706546783447266e-01
-8.486521244049072266e-01
4.949598014354705811e-02
