-1.335912585258483887e+00
-1.463176727294921875e+00
-1.208318948745727539e+00
-5.387809872627258301e-01
1.040505409240722656e+00
1.668518185615539551e-01
-2.767093479633331299e-01
-3.355897367000579834e-01
-1.538944363594055176e+00
-1.529962778091430664e+00
-1.419658422470092773e+00
-1.221055865287780762e+00
-1.091548562049865723e+00
-9.599605202674865723e-01
2.003837108612060547e+00
8.346019387245178223e-01
9.108088016510009766e-01
-9.743666648864746094e-01
-1.663730621337890625e+00
-1.071264147758483887e+00
-1.516344904899597168e+00
-1.417007446289062500e+00
-1.343239903450012207e+00
5.224273800849914551e-01
2.924855470657348633e+00
1.354590296745300293e+00
1.572318911552429199e+00
-8.924602270126342773e-01
-4.125020802021026611e-01
-4.061526060104370117e-01
-1.422863721847534180e+00
-1.782596349716186523e+00
-7.422375679016113281e-01
3.412911891937255859e-01
1.194314718246459961e+00
1.292294263839721680e+00
1.877529263496398926e+00
4.977069497108459473e-01
-5.194321274757385254e-01
-1.091426849365234375e+00
-1.286291837692260742e+00
-1.170017719268798828e+00
-8.849053382873535156e-01
-1.989745050668716431e-01
8.442966639995574951e-02
-5.473757162690162659e-02
1.836056828498840332e+00
1.099546790122985840e+00
-8.688922226428985596e-02
-1.373824596405029297e+00
-1.283528447151184082e+00
-1.152035474777221680e+00
-1.393419384956359863e+00
-1.207608699798583984e+00
-6.950410604476928711e-01
4.548779726028442383e-01
2.529275655746459961e+00
7.155051827430725098e-01
5.155434608459472656e-01
-9.945979118347167969e-01
-1.317796230316162109e+00
-1.212184190750122070e+00
-1.320183515548706055e+00
-1.245086073875427246e+00
1.363763093948364258e+00
2.254493385553359985e-01
1.649035573005676270e+00
-3.943090513348579407e-02
7.683743238449096680e-01
-6.640485525131225586e-01
-1.380744814872741699e+00
-1.167834758758544922e+00
-1.472606539726257324e+00
-1.293980181217193604e-01
2.749652385711669922e+00
-3.581371903419494629e-01
1.310224533081054688e+00
-1.048120021820068359e+00
3.202139735221862793e-01
-7.300983071327209473e-01
-1.426938772201538086e+00
-1.482112765312194824e+00
-9.342862367630004883e-01
1.640311837196350098e+00
2.169969081878662109e+00
-1.632139682769775391e-01
8.459098935127258301e-01
-1.214304327964782715e+00
-2.350258380174636841e-01
-1.170780897140502930e+00
-1.345320582389831543e+00
-1.359432578086853027e+00
-7.119770050048828125e-01
1.755040764808654785e+00
9.619642496109008789e-01
1.989338397979736328e-01
2.941732406616210938e-01
-9.992728829383850098e-01
-7.599628567695617676e-01
-1.571708321571350098e+00
