8.914530277252197266e-02
-2.430655062198638916e-02
4.396938085556030273e-01
9.059624373912811279e-02
1.338874250650405884e-01
5.512783527374267578e-01
1.665901243686676025e-01
6.255547404289245605e-01
5.962072610855102539e-01
1.218761429190635681e-01
3.383336067199707031e-01
5.391952395439147949e-01
5.986354947090148926e-01
-4.654732942581176758e-01
-9.131811261177062988e-01
-6.518015861511230469e-01
-2.936721146106719971e-01
3.192042410373687744e-01
1.057306230068206787e-01
9.086191654205322266e-02
4.063330888748168945e-01
6.127972602844238281e-01
4.212968647480010986e-01
-8.206849694252014160e-01
-1.784100294113159180e+00
-1.782248377799987793e+00
-1.211303234100341797e+00
-8.030874729156494141e-01
-5.243307352066040039e-01
1.928814500570297241e-01
2.508861124515533447e-01
2.376483380794525146e-01
1.008913040161132812e+00
3.741209805011749268e-01
-7.319990992546081543e-01
-1.715216994285583496e+00
-1.315172553062438965e+00
-5.110510587692260742e-01
5.054788663983345032e-02
9.123056381940841675e-02
1.060050874948501587e-01
-1.151012778282165527e-01
6.257245540618896484e-01
-1.367390248924493790e-02
-3.316520154476165771e-02
-8.015451431274414062e-01
-1.589788436889648438e+00
-4.068540930747985840e-01
-5.816403776407241821e-02
9.805788099765777588e-02
5.587168037891387939e-02
-4.819909110665321350e-02
6.757201552391052246e-01
1.289528906345367432e-01
1.323053836822509766e-01
-1.003184080123901367e+00
-2.001709699630737305e+00
-9.933975338935852051e-01
-3.213345408439636230e-01
1.646991819143295288e-01
1.695917397737503052e-01
2.436311095952987671e-01
4.859720766544342041e-01
-8.153828233480453491e-02
4.413476884365081787e-01
-4.885860383510589600e-01
-1.880356192588806152e+00
-1.453093051910400391e+00
-4.961087405681610107e-01
2.257245928049087524e-01
3.381707370281219482e-01
4.806051850318908691e-01
2.504585385322570801e-01
-4.977186620235443115e-01
-8.133668899536132812e-01
-1.192086696624755859e+00
-1.310008049011230469e+00
-1.323200583457946777e+00
-6.952813267707824707e-01
1.667955219745635986e-01
3.300908803939819336e-01
4.226674735546112061e-01
1.044894695281982422e+00
4.797082841396331787e-01
-6.128211617469787598e-01
-1.531101584434509277e+00
-1.250750780105590820e+00
-1.202100872993469238e+00
-4.519868493080139160e-01
3.527339547872543335e-02
2.550538778305053711e-01
4.722680747509002686e-01
1.284243941307067871e+00
1.089420914649963379e+00
8.731908798217773438e-01
-7.642833590507507324e-01
-1.070477604866027832e+00
-4.863771200180053711e-01
-2.268334776163101196e-01
-2.255988493561744690e-02
