-6.622654438018798828e+00
-3.476607561111450195e+00
-5.434671878814697266e+00
-6.760242462158203125e+00
-8.834424972534179688e+00
-8.882549285888671875e+00
-4.115433692932128906e+00
1.549485623836517334e-01
-4.272312521934509277e-01
-2.778104543685913086e-01
-1.954920411109924316e+00
2.189390420913696289e+00
2.963077068328857422e+00
3.552039384841918945e+00
5.421574711799621582e-01
-2.336992025375366211e+00
-1.417618513107299805e+00
6.362163424491882324e-01
4.905873835086822510e-01
-2.858101762831211090e-02
3.061757385730743408e-01
3.306373953819274902e-01
3.138546228408813477e+00
2.914363861083984375e+00
2.303838491439819336e+00
-1.341643780469894409e-01
7.932876348495483398e-01
2.616266965866088867e+00
8.241347074508666992e-01
-3.852396011352539062e-01
2.956578731536865234e-01
2.840007245540618896e-01
9.620767235755920410e-01
1.381965517997741699e+00
1.225286722183227539e+00
-2.377559423446655273e+00
-1.202473402023315430e+00
3.459654092788696289e+00
6.625059843063354492e-01
4.770362377166748047e-02
1.073415398597717285e+00
1.947722315788269043e+00
2.999600410461425781e+00
1.844894051551818848e+00
2.704239845275878906e+00
-7.653949856758117676e-01
7.546207904815673828e-01
4.385837554931640625e+00
1.055958390235900879e+00
8.180145025253295898e-01
-5.542144179344177246e-01
1.114462375640869141e+00
1.614269137382507324e+00
7.303712368011474609e-01
2.828371763229370117e+00
-2.416711568832397461e+00
-6.720953583717346191e-01
3.767551898956298828e+00
8.901582956314086914e-01
4.965746998786926270e-01
-2.272774130105972290e-01
4.155652821063995361e-01
6.705494523048400879e-01
5.498361587524414062e-01
2.207895994186401367e+00
-2.598549842834472656e+00
-3.900839984416961670e-01
3.482861995697021484e+00
6.919527649879455566e-01
4.523152112960815430e-01
-8.311247825622558594e-02
5.476891398429870605e-01
5.907869935035705566e-01
5.625086426734924316e-01
1.240969777107238770e+00
-2.710653066635131836e+00
1.530277132987976074e-01
3.456136226654052734e+00
5.834360122680664062e-01
2.141317427158355713e-01
1.912457644939422607e-01
2.094555795192718506e-01
3.404440879821777344e-01
7.306531667709350586e-01
1.105404376983642578e+00
-3.361723423004150391e+00
2.222127914428710938e-01
3.446383476257324219e+00
1.403086185455322266e-01
2.414611130952835083e-01
1.998056471347808838e-01
1.998056471347808838e-01
4.059294760227203369e-01
1.027612447738647461e+00
7.766225337982177734e-01
-2.780172348022460938e+00
1.936903238296508789e+00
3.159706830978393555e+00
1.542217135429382324e-01
3.633670508861541748e-01
