-6.225145459175109863e-01
-9.486691951751708984e-01
-4.600892364978790283e-01
2.432669103145599365e-01
1.098440170288085938e+00
5.030515789985656738e-01
-5.033854842185974121e-01
-6.089473962783813477e-01
-7.553477287292480469e-01
-3.080720603466033936e-01
-5.621926784515380859e-01
-3.330821096897125244e-01
6.153807044029235840e-01
6.081864833831787109e-01
5.103061795234680176e-01
-9.512309432029724121e-01
-1.349690198898315430e+00
1.092428117990493774e-01
1.412943005561828613e-01
-6.832985281944274902e-01
-4.633469581604003906e-01
4.817832112312316895e-01
5.108639597892761230e-01
-6.137631833553314209e-03
-4.874329864978790283e-01
-1.313148140907287598e+00
-4.174326062202453613e-01
9.928839206695556641e-01
-4.785267710685729980e-01
-1.177651524543762207e+00
-3.292394578456878662e-01
2.911677062511444092e-01
-2.933534383773803711e-01
-6.593018770217895508e-01
2.165198326110839844e-01
-4.713532626628875732e-01
3.907886743545532227e-01
-5.728759989142417908e-02
-1.682750821113586426e+00
-7.673434019088745117e-01
-4.108456969261169434e-01
-2.651525139808654785e-01
-8.813817501068115234e-01
-4.283158183097839355e-01
8.918337821960449219e-01
6.215890645980834961e-01
1.184753403067588806e-01
-1.583992958068847656e+00
-1.704030871391296387e+00
-5.767362117767333984e-01
-4.995028972625732422e-01
-6.630093455314636230e-01
-4.525234997272491455e-01
1.001528978347778320e+00
1.473926424980163574e+00
1.326628088951110840e+00
-1.072924375534057617e+00
-1.948187828063964844e+00
-1.322912931442260742e+00
-7.685581445693969727e-01
-5.280836820602416992e-01
-5.253401994705200195e-01
3.191532492637634277e-01
1.028265357017517090e+00
1.645873785018920898e+00
7.557672262191772461e-01
-9.082706570625305176e-01
-1.475460886955261230e+00
-1.522204995155334473e+00
-8.215353488922119141e-01
-5.464999079704284668e-01
1.013305634260177612e-01
4.067004621028900146e-01
1.855035424232482910e-01
4.570827484130859375e-01
-7.252604365348815918e-01
2.824226021766662598e-02
-9.462530016899108887e-01
-1.926957845687866211e+00
-6.834349632263183594e-01
-4.572179019451141357e-01
4.739379286766052246e-01
6.610234826803207397e-02
1.617314368486404419e-01
5.616757273674011230e-01
-8.205225467681884766e-01
6.316792368888854980e-01
-1.194770693778991699e+00
-2.301969289779663086e+00
-4.089520275592803955e-01
-3.831707239151000977e-01
1.953215152025222778e-01
-2.089959830045700073e-01
1.220939010381698608e-01
3.131498098373413086e-01
-4.132562503218650818e-02
4.689660072326660156e-01
-1.318104505538940430e+00
-1.668919086456298828e+00
-2.504444122314453125e-01
