-3.074035644531250000e-01
-1.011589407920837402e+00
-2.017224550247192383e+00
-5.188211798667907715e-01
1.821115612983703613e+00
2.160262346267700195e+00
5.911269783973693848e-01
-8.856117129325866699e-01
-6.185499429702758789e-01
-1.012464091181755066e-01
-4.913211464881896973e-01
-1.092401742935180664e-01
3.331364393234252930e-01
6.642881631851196289e-01
5.341379046440124512e-01
-7.048401832580566406e-01
-9.185434579849243164e-01
-1.146780729293823242e+00
-6.830317974090576172e-01
-2.727831006050109863e-01
-2.675587832927703857e-01
4.340381026268005371e-01
-7.623230814933776855e-01
-6.005020737648010254e-01
-7.184500098228454590e-01
-2.365440130233764648e+00
-1.815309882164001465e+00
-7.216221094131469727e-01
-4.022676944732666016e-01
-6.482843756675720215e-01
-1.703202873468399048e-01
-1.852256245911121368e-02
-2.634665966033935547e-01
-8.035640120506286621e-01
-9.655581712722778320e-01
-4.200983047485351562e-01
5.228471159934997559e-01
-1.842894256114959717e-01
-1.011382579803466797e+00
-4.723271727561950684e-01
-1.319417208433151245e-01
7.610763907432556152e-01
7.850720286369323730e-01
4.783095419406890869e-01
9.632537513971328735e-02
3.296577334403991699e-01
-9.875896573066711426e-01
-1.232349634170532227e+00
-4.190339744091033936e-01
-1.693941056728363037e-01
-1.872125715017318726e-01
2.354878485202789307e-01
-7.227714061737060547e-01
-5.451932549476623535e-01
-5.562540292739868164e-01
-3.776271641254425049e-01
-4.724058210849761963e-01
-2.966993451118469238e-01
-2.939527332782745361e-01
-3.596761822700500488e-01
-3.234262764453887939e-01
-2.372943907976150513e-01
-5.637701153755187988e-01
3.138176798820495605e-01
7.492301613092422485e-02
-7.171534299850463867e-01
-3.866017758846282959e-01
-1.244260430335998535e+00
-4.608093798160552979e-01
-2.379897683858871460e-01
-3.649205863475799561e-01
3.486230596899986267e-02
-3.803817927837371826e-01
6.448084115982055664e-01
-4.413897097110748291e-01
-1.708253264427185059e+00
-1.257129073143005371e+00
-9.213989973068237305e-01
-7.230486720800399780e-02
-2.035451382398605347e-01
-2.690187990665435791e-01
2.690526247024536133e-01
-6.127602458000183105e-01
-8.828808665275573730e-01
-6.217486262321472168e-01
2.584761679172515869e-01
5.312875509262084961e-01
-1.274288296699523926e-01
-5.514482855796813965e-01
-1.374583244323730469e-01
-1.543713361024856567e-01
1.869771480560302734e-01
-1.981783807277679443e-01
5.586385130882263184e-01
1.584728240966796875e+00
2.288263559341430664e+00
4.664484858512878418e-01
-7.115352153778076172e-01
-6.066784262657165527e-01
-3.267250210046768188e-02
