-6.780140995979309082e-01
-6.780140995979309082e-01
-6.780140995979309082e-01
-6.780140995979309082e-01
-6.780140995979309082e-01
-6.780140995979309082e-01
-6.780140995979309082e-01
-6.780140995979309082e-01
-6.780140995979309082e-01
-6.780140995979309082e-01
-6.780140995979309082e-01
-6.780140995979309082e-01
-6.780140995979309082e-01
-6.780140995979309082e-01
-6.780140995979309082e-01
-6.780140995979309082e-01
-6.780140995979309082e-01
-6.780140995979309082e-01
-6.780140995979309082e-01
-6.780140995979309082e-01
-6.780140995979309082e-01
-6.780140995979309082e-01
-6.780140995979309082e-01
-6.780140995979309082e-01
-6.780140995979309082e-01
-6.780140995979309082e-01
-6.780140995979309082e-01
-6.780140995979309082e-01
-6.780140995979309082e-01
-6.780140995979309082e-01
-6.780140995979309082e-01
-6.780140995979309082e-01
-6.780140995979309082e-01
-6.780140995979309082e-01
-6.780140995979309082e-01
-6.780140995979309082e-01
-6.780140995979309082e-01
-6.780140995979309082e-01
-6.780140995979309082e-01
-6.780140995979309082e-01
-6.780140995979309082e-01
-6.780140995979309082e-01
-6.780140995979309082e-01
-6.780140995979309082e-01
-6.780140995979309082e-01
-6.780140995979309082e-01
-6.780140995979309082e-01
-6.780140995979309082e-01
-6.780140995979309082e-01
-6.780140995979309082e-01
-6.780140995979309082e-01
-6.780140995979309082e-01
-6.780140995979309082e-01
-6.780140995979309082e-01
-6.780140995979309082e-01
-6.780140995979309082e-01
-6.780140995979309082e-01
-6.780140995979309082e-01
-6.780140995979309082e-01
-6.780140995979309082e-01
-6.780140995979309082e-01
-6.780140995979309082e-01
-6.780140995979309082e-01
-6.780140995979309082e-01
-6.780140995979309082e-01
-6.780140995979309082e-01
-6.780140995979309082e-01
-6.780140995979309082e-01
-6.780140995979309082e-01
-6.780140995979309082e-01
-6.780140995979309082e-01
-6.780140995979309082e-01
-6.780140995979309082e-01
-6.780140995979309082e-01
-6.780140995979309082e-01
-6.780140995979309082e-01
-6.780140995979309082e-01
-6.780140995979309082e-01
-6.780140995979309082e-01
-6.780140995979309082e-01
-6.780140995979309082e-01
-6.780140995979309082e-01
-6.780140995979309082e-01
-6.780140995979309082e-01
-6.728609800338745117e-01
-6.516112089157104492e-01
-6.186568140983581543e-01
-5.920217037200927734e-01
-5.903121232986450195e-01
-6.049959659576416016e-01
-6.171270608901977539e-01
-6.221829652786254883e-01
-6.227009892463684082e-01
-6.223106980323791504e-01
-6.222482919692993164e-01
-6.209600567817687988e-01
-6.124269366264343262e-01
-5.963823795318603516e-01
-5.883232951164245605e-01
-5.882114171981811523e-01
-5.913029909133911133e-01
-6.071434020996093750e-01
-6.422938108444213867e-01
-6.740760207176208496e-01
-6.807458996772766113e-01
-6.784508824348449707e-01
-6.780140995979309082e-01
-6.780140995979309082e-01
-6.780140995979309082e-01
-6.780140995979309082e-01
-6.780140995979309082e-01
-6.780140995979309082e-01
-6.109606027603149414e-01
-2.803590893745422363e-01
2.680111229419708252e-01
6.783875226974487305e-01
6.679380536079406738e-01
4.167612493038177490e-01
2.308173030614852905e-01
1.856547445058822632e-01
1.950944364070892334e-01
2.013349533081054688e-01
2.029822617769241333e-01
2.091173827648162842e-01
3.107829689979553223e-01
5.682014822959899902e-01
7.023299336433410645e-01
7.090273499488830566e-01
6.554893255233764648e-01
4.010530710220336914e-01
-1.377488821744918823e-01
-6.413769721984863281e-01
-7.403742671012878418e-01
-6.940380930900573730e-01
-6.780140995979309082e-01
-6.780140995979309082e-01
-6.780140995979309082e-01
-6.780140995979309082e-01
-6.780140995979309082e-01
-6.780140995979309082e-01
-6.511450409889221191e-01
-2.030947059392929077e-01
7.154685854911804199e-01
1.525348901748657227e+00
1.589087843894958496e+00
1.216552376747131348e+00
9.423409104347229004e-01
9.295254349708557129e-01
1.002308487892150879e+00
1.044227838516235352e+00
1.052158117294311523e+00
1.053509712219238281e+00
1.074139475822448730e+00
1.414855003356933594e+00
1.485403537750244141e+00
1.445576190948486328e+00
1.364981174468994141e+00
1.050226330757141113e+00
1.333009898662567139e-01
-9.416947364807128906e-01
-1.026805400848388672e+00
-8.317788839340209961e-01
-6.785756349563598633e-01
-6.780140995979309082e-01
-6.780140995979309082e-01
-6.780140995979309082e-01
-6.780140995979309082e-01
-6.780140995979309082e-01
-7.030315995216369629e-01
-5.543174743652343750e-01
-1.322815120220184326e-01
4.400389790534973145e-01
8.531109690666198730e-01
1.238108038902282715e+00
1.103239178657531738e+00
6.684136986732482910e-01
4.070836603641510010e-01
3.835114240646362305e-01
3.993441760540008545e-01
4.045006036758422852e-01
3.699952363967895508e-01
4.107723534107208252e-01
4.092609584331512451e-01
6.385657787322998047e-01
9.901139140129089355e-01
9.968339204788208008e-01
2.334539145231246948e-01
-9.376716017723083496e-01
-1.031075000762939453e+00
-8.816885352134704590e-01
-6.902194023132324219e-01
-6.780140995979309082e-01
-6.780140995979309082e-01
-6.780140995979309082e-01
-6.780140995979309082e-01
-6.780140995979309082e-01
-6.889548301696777344e-01
-6.179085373878479004e-01
-3.736549019813537598e-01
5.070756003260612488e-02
6.799436211585998535e-01
1.841546654701232910e+00
1.683366179466247559e+00
5.029638409614562988e-01
-2.884078919887542725e-01
-3.178856968879699707e-01
-1.673678159713745117e-01
-1.064997464418411255e-01
-9.612884372472763062e-02
-7.175936363637447357e-03
2.086292803287506104e-01
9.846408367156982422e-01
1.766064405441284180e+00
1.822836637496948242e+00
7.332396507263183594e-01
-8.110648989677429199e-01
-1.061329841613769531e+00
-9.318398833274841309e-01
-6.811470985412597656e-01
-6.780140995979309082e-01
-6.780140995979309082e-01
-6.780140995979309082e-01
-6.780140995979309082e-01
-6.780140995979309082e-01
-6.364386081695556641e-01
-5.857130289077758789e-01
-5.636747479438781738e-01
-4.505604505538940430e-01
-4.364006221294403076e-02
1.457180857658386230e+00
1.897045373916625977e+00
8.612366914749145508e-01
-1.754100322723388672e-01
-3.869220614433288574e-01
-2.059310823678970337e-01
-8.896602690219879150e-02
-2.809999510645866394e-02
-9.036914259195327759e-02
-3.806373104453086853e-02
9.856458902359008789e-01
1.828795552253723145e+00
1.795712351799011230e+00
7.242462038993835449e-01
-6.294992566108703613e-01
-9.260246157646179199e-01
-9.451921582221984863e-01
-6.838496923446655273e-01
-6.780140995979309082e-01
-6.780140995979309082e-01
-6.780140995979309082e-01
-6.780140995979309082e-01
-6.780140995979309082e-01
-6.492125988006591797e-01
-6.165770888328552246e-01
-6.409623026847839355e-01
-7.023455500602722168e-01
-6.468572616577148438e-01
3.757194876670837402e-01
1.582717895507812500e+00
1.023583769798278809e+00
-2.169844508171081543e-01
-8.249841332435607910e-01
-6.828903555870056152e-01
-5.163254737854003906e-01
-4.669582843780517578e-01
-4.843900799751281738e-01
-4.271029531955718994e-01
7.194346189498901367e-01
1.675063133239746094e+00
1.653308272361755371e+00
5.319219827651977539e-01
-6.670067310333251953e-01
-8.876584172248840332e-01
-9.247714877128601074e-01
-6.800424456596374512e-01
-6.780140995979309082e-01
-6.780140995979309082e-01
-6.780140995979309082e-01
-6.780140995979309082e-01
-6.780140995979309082e-01
-6.708717942237854004e-01
-6.639588475227355957e-01
-6.762996315956115723e-01
-6.950740814208984375e-01
-6.586892008781433105e-01
-3.863600790500640869e-01
1.186750888824462891e+00
1.056460380554199219e+00
-7.474065572023391724e-02
-9.757677912712097168e-01
-9.259245395660400391e-01
-7.405676245689392090e-01
-6.754138469696044922e-01
-6.771150231361389160e-01
-5.717148184776306152e-01
5.893123149871826172e-01
1.536900281906127930e+00
1.466289997100830078e+00
3.264909684658050537e-01
-6.744897365570068359e-01
-8.637341260910034180e-01
-8.965620398521423340e-01
-6.780094504356384277e-01
-6.780140995979309082e-01
-6.780140995979309082e-01
-6.780140995979309082e-01
-6.780140995979309082e-01
-6.780140995979309082e-01
-6.780140995979309082e-01
-6.780140995979309082e-01
-6.740461587905883789e-01
-6.546245217323303223e-01
-5.476807951927185059e-01
-6.188658475875854492e-01
6.572614908218383789e-01
5.470439195632934570e-01
-1.285147666931152344e-01
-8.935543298721313477e-01
-8.934289813041687012e-01
-7.500844001770019531e-01
-6.854626536369323730e-01
-6.862562298774719238e-01
-5.725692510604858398e-01
4.430989921092987061e-01
1.410592317581176758e+00
1.496808171272277832e+00
3.764218389987945557e-01
-6.317979097366333008e-01
-8.674743771553039551e-01
-8.701702952384948730e-01
-6.780140995979309082e-01
-6.780140995979309082e-01
-6.780140995979309082e-01
-6.780140995979309082e-01
-6.780140995979309082e-01
-6.780140995979309082e-01
-6.780140995979309082e-01
-6.780140995979309082e-01
-6.780140995979309082e-01
-6.715514063835144043e-01
-5.928651094436645508e-01
-7.499473094940185547e-01
-1.557484269142150879e-01
-3.039832115173339844e-01
-2.381621897220611572e-01
-6.898152828216552734e-01
-7.668796777725219727e-01
-7.136817574501037598e-01
-6.780140995979309082e-01
-6.780140995979309082e-01
-5.570449233055114746e-01
2.391009479761123657e-01
1.254505395889282227e+00
1.652069687843322754e+00
6.469615697860717773e-01
-6.213616728782653809e-01
-9.385651946067810059e-01
-8.972212672233581543e-01
-6.780140995979309082e-01
-6.780140995979309082e-01
-6.780140995979309082e-01
-6.780140995979309082e-01
-6.780140995979309082e-01
-6.780140995979309082e-01
-6.780140995979309082e-01
-6.780140995979309082e-01
-6.780140995979309082e-01
-6.772204637527465820e-01
-6.683401465415954590e-01
-5.870395898818969727e-01
-6.080554127693176270e-01
-6.551406383514404297e-01
-2.802486717700958252e-01
-5.184541940689086914e-01
-6.895445585250854492e-01
-7.024545669555664062e-01
-6.780140995979309082e-01
-6.780140995979309082e-01
-4.854013323783874512e-01
3.509815931320190430e-01
1.348961234092712402e+00
1.715875148773193359e+00
7.362906932830810547e-01
-6.762664914131164551e-01
-9.825590848922729492e-01
-9.102358818054199219e-01
-6.780140995979309082e-01
-6.780140995979309082e-01
-6.780140995979309082e-01
-6.780140995979309082e-01
-6.780140995979309082e-01
-6.780140995979309082e-01
-6.780140995979309082e-01
-6.780140995979309082e-01
-6.780140995979309082e-01
-6.780140995979309082e-01
-6.780140995979309082e-01
-5.239893198013305664e-01
-6.569798588752746582e-01
-7.049734592437744141e-01
-4.562596380710601807e-01
-6.085906624794006348e-01
-6.761383414268493652e-01
-6.827222704887390137e-01
-6.780140995979309082e-01
-6.780140995979309082e-01
-4.857994318008422852e-01
5.518011450767517090e-01
1.444808959960937500e+00
1.670057415962219238e+00
7.648315429687500000e-01
-6.508722305297851562e-01
-9.822083115577697754e-01
-9.312254190444946289e-01
-6.780140995979309082e-01
-6.780140995979309082e-01
-6.780140995979309082e-01
-6.780140995979309082e-01
-6.780140995979309082e-01
-6.780140995979309082e-01
-6.780140995979309082e-01
-6.780140995979309082e-01
-6.780140995979309082e-01
-6.780140995979309082e-01
-6.780140995979309082e-01
-5.771099925041198730e-01
-8.005102872848510742e-01
-8.393012881278991699e-01
-6.000637412071228027e-01
-6.283823251724243164e-01
-6.738483309745788574e-01
-6.780033111572265625e-01
-6.780140995979309082e-01
-6.780140995979309082e-01
-5.334741473197937012e-01
5.850123167037963867e-01
1.464801192283630371e+00
1.642024397850036621e+00
7.466846704483032227e-01
-6.100384593009948730e-01
-9.452505707740783691e-01
-9.460238218307495117e-01
-6.780140995979309082e-01
-6.780140995979309082e-01
-6.780140995979309082e-01
-6.780140995979309082e-01
-6.780140995979309082e-01
-6.780140995979309082e-01
-6.780140995979309082e-01
-6.780140995979309082e-01
-6.780140995979309082e-01
-6.780140995979309082e-01
-6.780140995979309082e-01
-6.716653704643249512e-01
-6.863302588462829590e-01
-6.901230812072753906e-01
-6.734269857406616211e-01
-6.741172671318054199e-01
-6.780079007148742676e-01
-6.780140995979309082e-01
-6.780140995979309082e-01
-6.767258048057556152e-01
-5.361608266830444336e-01
6.812746524810791016e-01
1.612475991249084473e+00
1.711349010467529297e+00
6.977344155311584473e-01
-6.287946701049804688e-01
-9.246716499328613281e-01
-9.486867785453796387e-01
-6.780140995979309082e-01
-6.780140995979309082e-01
-6.780140995979309082e-01
-6.780140995979309082e-01
-6.780140995979309082e-01
-6.780140995979309082e-01
-6.780140995979309082e-01
-6.780140995979309082e-01
-6.780140995979309082e-01
-6.780140995979309082e-01
-6.780140995979309082e-01
-6.780140995979309082e-01
-6.780140995979309082e-01
-6.780140995979309082e-01
-6.780140995979309082e-01
-6.780140995979309082e-01
-6.780140995979309082e-01
-6.780140995979309082e-01
-6.780140995979309082e-01
-6.693024039268493652e-01
-4.536373913288116455e-01
7.701615095138549805e-01
1.634544968605041504e+00
1.735119938850402832e+00
6.883653998374938965e-01
-6.428065299987792969e-01
-9.209417700767517090e-01
-9.483371376991271973e-01
-6.780140995979309082e-01
-6.780140995979309082e-01
-6.780140995979309082e-01
-6.780140995979309082e-01
-6.780140995979309082e-01
-6.780140995979309082e-01
-6.780140995979309082e-01
-6.780140995979309082e-01
-6.780140995979309082e-01
-6.780140995979309082e-01
-6.780140995979309082e-01
-6.780140995979309082e-01
-6.780140995979309082e-01
-6.780140995979309082e-01
-6.780140995979309082e-01
-6.780140995979309082e-01
-6.780140995979309082e-01
-6.780140995979309082e-01
-6.780140995979309082e-01
-6.536013484001159668e-01
-3.368948400020599365e-01
9.988022446632385254e-01
1.747069120407104492e+00
1.671205639839172363e+00
5.761523246765136719e-01
-6.724373102188110352e-01
-9.104737043380737305e-01
-9.426780939102172852e-01
-6.780140995979309082e-01
-6.780140995979309082e-01
-6.780140995979309082e-01
-6.780140995979309082e-01
-6.780140995979309082e-01
-6.780140995979309082e-01
-6.780140995979309082e-01
-6.780140995979309082e-01
-6.780140995979309082e-01
-6.780140995979309082e-01
-6.780140995979309082e-01
-6.780140995979309082e-01
-6.780140995979309082e-01
-6.780140995979309082e-01
-6.780140995979309082e-01
-6.780140995979309082e-01
-6.780140995979309082e-01
-6.780140995979309082e-01
-6.780140995979309082e-01
-6.233979463577270508e-01
-1.753738671541213989e-01
1.212802886962890625e+00
1.787837147712707520e+00
1.449845433235168457e+00
2.780918776988983154e-01
-7.344649434089660645e-01
-8.791069984436035156e-01
-9.190158843994140625e-01
-6.780140995979309082e-01
-6.780140995979309082e-01
-6.780140995979309082e-01
-6.780140995979309082e-01
-6.780140995979309082e-01
-6.780140995979309082e-01
-6.780140995979309082e-01
-6.780140995979309082e-01
-6.780140995979309082e-01
-6.780140995979309082e-01
-6.780140995979309082e-01
-6.780140995979309082e-01
-6.780140995979309082e-01
-6.780140995979309082e-01
-6.780140995979309082e-01
-6.780140995979309082e-01
-6.780140995979309082e-01
-6.780140995979309082e-01
-6.780140995979309082e-01
-5.913842320442199707e-01
9.529114514589309692e-02
1.359649181365966797e+00
1.810773611068725586e+00
1.313552379608154297e+00
6.815853714942932129e-02
-7.245484590530395508e-01
-8.349049687385559082e-01
-8.604250550270080566e-01
-6.780140995979309082e-01
-6.780140995979309082e-01
-6.780140995979309082e-01
-6.780140995979309082e-01
-6.780140995979309082e-01
-6.780140995979309082e-01
-6.780140995979309082e-01
-6.780140995979309082e-01
-6.780140995979309082e-01
-6.780140995979309082e-01
-6.780140995979309082e-01
-6.780140995979309082e-01
-6.780140995979309082e-01
-6.780140995979309082e-01
-6.780140995979309082e-01
-6.780140995979309082e-01
-6.780140995979309082e-01
-6.780140995979309082e-01
-6.780140995979309082e-01
-6.066047549247741699e-01
2.963228523731231689e-01
1.448804736137390137e+00
1.862375736236572266e+00
1.289160370826721191e+00
3.935452084988355637e-03
-7.513845562934875488e-01
-8.620313405990600586e-01
-8.528369069099426270e-01
-6.780140995979309082e-01
-6.780140995979309082e-01
-6.780140995979309082e-01
-6.780140995979309082e-01
-6.780140995979309082e-01
-6.780140995979309082e-01
-6.780140995979309082e-01
-6.780140995979309082e-01
-6.780140995979309082e-01
-6.780140995979309082e-01
-6.780140995979309082e-01
-6.780140995979309082e-01
-6.780140995979309082e-01
-6.780140995979309082e-01
-6.780140995979309082e-01
-6.780140995979309082e-01
-6.780140995979309082e-01
-6.780140995979309082e-01
-6.780140995979309082e-01
-6.110048890113830566e-01
3.412951827049255371e-01
1.429906010627746582e+00
1.829410791397094727e+00
1.104618310928344727e+00
-2.708861827850341797e-01
-8.717257380485534668e-01
-8.661787509918212891e-01
-8.027734756469726562e-01
-6.780140995979309082e-01
-6.780140995979309082e-01
-6.780140995979309082e-01
-6.780140995979309082e-01
-6.780140995979309082e-01
-6.780140995979309082e-01
-6.780140995979309082e-01
-6.780140995979309082e-01
-6.780140995979309082e-01
-6.780140995979309082e-01
-6.780140995979309082e-01
-6.780140995979309082e-01
-6.780140995979309082e-01
-6.780140995979309082e-01
-6.780140995979309082e-01
-6.780140995979309082e-01
-6.780140995979309082e-01
-6.780140995979309082e-01
-6.780140995979309082e-01
-5.776490569114685059e-01
3.818930685520172119e-01
1.457147359848022461e+00
1.812555313110351562e+00
9.059956073760986328e-01
-4.287924170494079590e-01
-8.568425774574279785e-01
-8.669900894165039062e-01
-7.577351331710815430e-01
-6.780140995979309082e-01
-6.780140995979309082e-01
-6.780140995979309082e-01
-6.780140995979309082e-01
-6.780140995979309082e-01
-6.780140995979309082e-01
-6.780140995979309082e-01
-6.780140995979309082e-01
-6.780140995979309082e-01
-6.780140995979309082e-01
-6.780140995979309082e-01
-6.780140995979309082e-01
-6.780140995979309082e-01
-6.780140995979309082e-01
-6.780140995979309082e-01
-6.780140995979309082e-01
-6.780140995979309082e-01
-6.780140995979309082e-01
-6.780140995979309082e-01
-5.093507170677185059e-01
4.994929134845733643e-01
1.490135788917541504e+00
1.721038937568664551e+00
7.096673846244812012e-01
-5.533359646797180176e-01
-8.354941606521606445e-01
-8.497678041458129883e-01
-7.284275889396667480e-01
-6.780140995979309082e-01
-6.780140995979309082e-01
-6.780140995979309082e-01
-6.780140995979309082e-01
-6.780140995979309082e-01
-6.780140995979309082e-01
-6.780140995979309082e-01
-6.780140995979309082e-01
-6.780140995979309082e-01
-6.780140995979309082e-01
-6.780140995979309082e-01
-6.780140995979309082e-01
-6.780140995979309082e-01
-6.780140995979309082e-01
-6.780140995979309082e-01
-6.780140995979309082e-01
-6.780140995979309082e-01
-6.780140995979309082e-01
-6.780140995979309082e-01
-4.965643286705017090e-01
7.147739529609680176e-01
1.574470400810241699e+00
1.551474452018737793e+00
4.597246944904327393e-01
-6.550436019897460938e-01
-8.608424663543701172e-01
-8.526247739791870117e-01
-6.987538933753967285e-01
-6.780140995979309082e-01
-6.780140995979309082e-01
-6.780140995979309082e-01
-6.780140995979309082e-01
-6.780140995979309082e-01
-6.780140995979309082e-01
-6.780140995979309082e-01
-6.780140995979309082e-01
-6.780140995979309082e-01
-6.780140995979309082e-01
-6.780140995979309082e-01
-6.780140995979309082e-01
-6.780140995979309082e-01
-6.780140995979309082e-01
-6.780140995979309082e-01
-6.780140995979309082e-01
-6.780140995979309082e-01
-6.780140995979309082e-01
-6.780140995979309082e-01
-5.894451737403869629e-01
5.351456999778747559e-01
1.282052397727966309e+00
1.201735496520996094e+00
1.815079599618911743e-01
-6.799604892730712891e-01
-8.554900288581848145e-01
-8.584806919097900391e-01
-6.838096976280212402e-01
-6.780140995979309082e-01
-6.780140995979309082e-01
-6.780140995979309082e-01
-6.780140995979309082e-01
-6.780140995979309082e-01
-6.780140995979309082e-01
-6.780140995979309082e-01
-6.780140995979309082e-01
-6.780140995979309082e-01
-6.780140995979309082e-01
-6.780140995979309082e-01
-6.780140995979309082e-01
-6.780140995979309082e-01
-6.780140995979309082e-01
-6.780140995979309082e-01
-6.780140995979309082e-01
-6.780140995979309082e-01
-6.780140995979309082e-01
-6.780140995979309082e-01
-6.874902844429016113e-01
-2.144326716661453247e-01
1.672261059284210205e-01
2.180069684982299805e-01
-2.416697591543197632e-01
-6.369732022285461426e-01
-7.815205454826354980e-01
-8.258177638053894043e-01
-6.800424456596374512e-01
-6.780140995979309082e-01
-6.780140995979309082e-01
-6.780140995979309082e-01
-6.780140995979309082e-01
-6.780140995979309082e-01
-6.780140995979309082e-01
