3.257433176040649414e-01
3.257433176040649414e-01
3.257433176040649414e-01
3.257433176040649414e-01
3.257433176040649414e-01
3.257433176040649414e-01
3.257433176040649414e-01
3.257433176040649414e-01
3.257433176040649414e-01
3.257433176040649414e-01
3.257433176040649414e-01
3.268231451511383057e-01
3.419535756111145020e-01
4.035454988479614258e-01
5.077454447746276855e-01
6.139124631881713867e-01
6.652181148529052734e-01
5.915382504463195801e-01
4.279099702835083008e-01
2.892540693283081055e-01
2.038231939077377319e-01
2.075450420379638672e-01
2.994412779808044434e-01
3.257433176040649414e-01
3.257433176040649414e-01
3.257433176040649414e-01
3.257433176040649414e-01
3.257433176040649414e-01
3.257433176040649414e-01
3.257433176040649414e-01
3.257433176040649414e-01
3.257433176040649414e-01
3.257433176040649414e-01
3.257433176040649414e-01
3.257433176040649414e-01
3.257433176040649414e-01
3.257433176040649414e-01
3.365416526794433594e-01
3.777028024196624756e-01
4.534654319286346436e-01
5.522641539573669434e-01
6.980344057083129883e-01
8.832538127899169922e-01
1.085853815078735352e+00
1.256361007690429688e+00
1.177400112152099609e+00
8.543407320976257324e-01
4.873242080211639404e-01
2.081926316022872925e-01
1.092370375990867615e-01
2.640126049518585205e-01
3.257433176040649414e-01
3.257433176040649414e-01
3.257433176040649414e-01
3.257433176040649414e-01
3.257433176040649414e-01
3.257433176040649414e-01
3.257433176040649414e-01
3.257433176040649414e-01
3.257433176040649414e-01
3.257433176040649414e-01
3.257433176040649414e-01
3.257433176040649414e-01
3.257433176040649414e-01
3.289828002452850342e-01
3.752582371234893799e-01
5.358803272247314453e-01
8.084474205970764160e-01
1.137449979782104492e+00
1.472148060798645020e+00
1.684050202369689941e+00
1.775249719619750977e+00
1.835531353950500488e+00
1.637054800987243652e+00
1.130425691604614258e+00
5.954542756080627441e-01
2.633546590805053711e-01
1.462794989347457886e-01
2.567204236984252930e-01
3.257433176040649414e-01
3.257433176040649414e-01
3.257433176040649414e-01
3.257433176040649414e-01
3.257433176040649414e-01
3.257433176040649414e-01
3.257433176040649414e-01
3.257433176040649414e-01
3.257433176040649414e-01
3.257433176040649414e-01
3.257433176040649414e-01
3.257433176040649414e-01
3.257433176040649414e-01
3.494409620761871338e-01
4.956332445144653320e-01
8.794692754745483398e-01
1.385257005691528320e+00
1.885024785995483398e+00
2.338424444198608398e+00
2.477842330932617188e+00
2.410464048385620117e+00
2.047455787658691406e+00
1.359928965568542480e+00
5.532063841819763184e-01
7.139078527688980103e-02
-1.763860881328582764e-02
1.860776990652084351e-01
2.936798334121704102e-01
3.257433176040649414e-01
3.257433176040649414e-01
3.257433176040649414e-01
3.257433176040649414e-01
3.257433176040649414e-01
3.257433176040649414e-01
3.257433176040649414e-01
3.257433176040649414e-01
3.257433176040649414e-01
3.257433176040649414e-01
3.257433176040649414e-01
3.257433176040649414e-01
3.257433176040649414e-01
4.263996779918670654e-01
8.186703324317932129e-01
1.562409162521362305e+00
2.400244712829589844e+00
2.616524219512939453e+00
2.223315715789794922e+00
1.418451547622680664e+00
6.559523344039916992e-01
3.794012218713760376e-02
-6.444137096405029297e-01
-1.130498051643371582e+00
-1.097692251205444336e+00
-7.439281344413757324e-01
-1.733596473932266235e-01
2.355380803346633911e-01
3.257433176040649414e-01
3.257433176040649414e-01
3.257433176040649414e-01
3.257433176040649414e-01
3.257433176040649414e-01
3.257433176040649414e-01
3.257433176040649414e-01
3.257433176040649414e-01
3.257433176040649414e-01
3.257433176040649414e-01
3.257433176040649414e-01
3.257433176040649414e-01
3.667770326137542725e-01
5.944936275482177734e-01
1.239460229873657227e+00
2.129597663879394531e+00
2.386228799819946289e+00
1.820394396781921387e+00
4.911628663539886475e-01
-9.530036449432373047e-01
-1.914248704910278320e+00
-2.655081748962402344e+00
-3.073846340179443359e+00
-2.737023591995239258e+00
-1.987268567085266113e+00
-1.145363807678222656e+00
-4.403257369995117188e-01
1.721876263618469238e-01
3.257433176040649414e-01
3.257433176040649414e-01
3.257433176040649414e-01
3.257433176040649414e-01
3.257433176040649414e-01
3.257433176040649414e-01
3.257433176040649414e-01
3.257433176040649414e-01
3.257433176040649414e-01
3.257433176040649414e-01
3.257433176040649414e-01
3.257433176040649414e-01
3.649535775184631348e-01
8.390300273895263672e-01
1.699807763099670410e+00
2.097599029541015625e+00
1.378482341766357422e+00
-1.875764727592468262e-01
-2.165215015411376953e+00
-3.417676687240600586e+00
-3.654031753540039062e+00
-3.396799325942993164e+00
-2.808370828628540039e+00
-2.010549306869506836e+00
-1.302859306335449219e+00
-6.593018770217895508e-01
-1.754959821701049805e-01
1.822497844696044922e-01
3.257433176040649414e-01
3.257433176040649414e-01
3.257433176040649414e-01
3.257433176040649414e-01
3.257433176040649414e-01
3.257433176040649414e-01
3.257433176040649414e-01
3.257433176040649414e-01
3.257433176040649414e-01
3.257433176040649414e-01
3.257433176040649414e-01
3.257433176040649414e-01
4.579486548900604248e-01
1.061710238456726074e+00
1.663403749465942383e+00
1.356850147247314453e+00
1.776266992092132568e-01
-1.609515190124511719e+00
-3.011445999145507812e+00
-3.590919017791748047e+00
-2.758157491683959961e+00
-1.786263465881347656e+00
-1.025829553604125977e+00
-4.838115870952606201e-01
-2.585583031177520752e-01
-8.538486808538436890e-02
1.976271122694015503e-01
3.257433176040649414e-01
3.257433176040649414e-01
3.257433176040649414e-01
3.257433176040649414e-01
3.257433176040649414e-01
3.257433176040649414e-01
3.257433176040649414e-01
3.257433176040649414e-01
3.257433176040649414e-01
3.257433176040649414e-01
3.257433176040649414e-01
3.257433176040649414e-01
3.257433176040649414e-01
5.059556365013122559e-01
8.407595157623291016e-01
1.024929881095886230e+00
5.617150664329528809e-01
-6.422912478446960449e-01
-1.795270681381225586e+00
-2.435217380523681641e+00
-1.946954250335693359e+00
-9.991602301597595215e-01
9.533677995204925537e-02
7.297728657722473145e-01
7.070610523223876953e-01
4.314184784889221191e-01
1.882719248533248901e-01
1.399201154708862305e-01
3.257433176040649414e-01
3.257433176040649414e-01
3.257433176040649414e-01
3.257433176040649414e-01
3.257433176040649414e-01
3.257433176040649414e-01
3.257433176040649414e-01
3.257433176040649414e-01
3.257433176040649414e-01
3.257433176040649414e-01
3.257433176040649414e-01
3.257433176040649414e-01
3.257433176040649414e-01
2.980298399925231934e-01
3.747101426124572754e-01
5.019835829734802246e-01
3.096133470535278320e-01
-2.815851271152496338e-01
-9.060810208320617676e-01
-1.279288291931152344e+00
-6.465381383895874023e-01
4.620662033557891846e-01
1.392785549163818359e+00
1.478938698768615723e+00
8.977082371711730957e-01
3.813362121582031250e-01
1.489590555429458618e-01
1.436720788478851318e-01
3.257433176040649414e-01
3.257433176040649414e-01
3.257433176040649414e-01
3.257433176040649414e-01
3.257433176040649414e-01
3.257433176040649414e-01
3.257433176040649414e-01
3.257433176040649414e-01
3.257433176040649414e-01
3.257433176040649414e-01
3.257433176040649414e-01
3.257433176040649414e-01
3.257433176040649414e-01
2.183713018894195557e-01
2.297664284706115723e-01
3.408247828483581543e-01
2.992706000804901123e-01
1.565579175949096680e-01
-2.526222169399261475e-01
-3.812200725078582764e-01
3.692643642425537109e-01
1.558797836303710938e+00
2.025331020355224609e+00
1.487956404685974121e+00
4.346562623977661133e-01
-4.758552834391593933e-02
-4.700553044676780701e-02
2.349712848663330078e-01
3.257433176040649414e-01
3.257433176040649414e-01
3.257433176040649414e-01
3.257433176040649414e-01
3.257433176040649414e-01
3.257433176040649414e-01
3.257433176040649414e-01
3.257433176040649414e-01
3.257433176040649414e-01
3.257433176040649414e-01
3.257433176040649414e-01
3.257433176040649414e-01
3.257433176040649414e-01
2.759468853473663330e-01
3.052147626876831055e-01
3.071253001689910889e-01
2.475134432315826416e-01
3.827937543392181396e-01
7.141461968421936035e-02
3.184446692466735840e-01
9.686888456344604492e-01
1.660480737686157227e+00
1.200862884521484375e+00
7.724363968009129167e-05
-8.547348976135253906e-01
-8.724061846733093262e-01
-5.511412024497985840e-01
-1.023040711879730225e-02
3.257433176040649414e-01
3.257433176040649414e-01
3.257433176040649414e-01
3.257433176040649414e-01
3.257433176040649414e-01
3.257433176040649414e-01
3.257433176040649414e-01
3.257433176040649414e-01
3.257433176040649414e-01
3.257433176040649414e-01
3.257433176040649414e-01
3.257433176040649414e-01
3.257433176040649414e-01
3.257433176040649414e-01
2.610054910182952881e-01
6.384318321943283081e-02
1.352939102798700333e-02
2.310952246189117432e-01
3.113138079643249512e-01
6.494494080543518066e-01
7.119168639183044434e-01
2.449935823678970337e-01
-6.932125091552734375e-01
-1.877444386482238770e+00
-1.945089697837829590e+00
-1.417562484741210938e+00
-7.346864342689514160e-01
-1.495356410741806030e-01
3.257433176040649414e-01
3.257433176040649414e-01
3.257433176040649414e-01
3.257433176040649414e-01
3.257433176040649414e-01
3.257433176040649414e-01
3.257433176040649414e-01
3.257433176040649414e-01
3.257433176040649414e-01
3.257433176040649414e-01
3.257433176040649414e-01
3.257433176040649414e-01
3.257433176040649414e-01
3.257433176040649414e-01
1.462325602769851685e-01
-1.228180006146430969e-01
-6.816526502370834351e-02
8.884917944669723511e-02
3.113358020782470703e-01
6.990481913089752197e-02
-5.164359807968139648e-01
-1.634800076484680176e+00
-2.172262668609619141e+00
-2.574451684951782227e+00
-2.083124876022338867e+00
-1.236516475677490234e+00
-4.322427809238433838e-01
2.136312425136566162e-02
3.257433176040649414e-01
3.257433176040649414e-01
3.257433176040649414e-01
3.257433176040649414e-01
3.257433176040649414e-01
3.257433176040649414e-01
3.257433176040649414e-01
3.257433176040649414e-01
3.257433176040649414e-01
3.257433176040649414e-01
3.257433176040649414e-01
3.257433176040649414e-01
3.257433176040649414e-01
3.257433176040649414e-01
2.244798541069030762e-01
7.585227489471435547e-02
8.871634304523468018e-02
3.760696053504943848e-01
2.937775552272796631e-01
-3.094320595264434814e-01
-1.564029812812805176e+00
-2.455595254898071289e+00
-2.508936882019042969e+00
-2.192333221435546875e+00
-1.530394911766052246e+00
-6.871986389160156250e-01
-2.983054704964160919e-02
3.257433176040649414e-01
3.257433176040649414e-01
3.257433176040649414e-01
3.257433176040649414e-01
3.257433176040649414e-01
3.257433176040649414e-01
3.257433176040649414e-01
3.257433176040649414e-01
3.257433176040649414e-01
3.257433176040649414e-01
3.257433176040649414e-01
3.257433176040649414e-01
3.257433176040649414e-01
3.257433176040649414e-01
3.257433176040649414e-01
3.838640153408050537e-01
5.752897262573242188e-01
8.644855022430419922e-01
1.069799780845642090e+00
5.741948485374450684e-01
-1.515751034021377563e-01
-1.561565279960632324e+00
-1.876309633255004883e+00
-1.679507017135620117e+00
-1.392733335494995117e+00
-9.561161994934082031e-01
-2.644053101539611816e-01
2.412103265523910522e-01
3.257433176040649414e-01
3.257433176040649414e-01
3.257433176040649414e-01
3.257433176040649414e-01
3.257433176040649414e-01
3.257433176040649414e-01
3.257433176040649414e-01
3.257433176040649414e-01
3.257433176040649414e-01
3.257433176040649414e-01
3.257433176040649414e-01
3.257433176040649414e-01
3.257433176040649414e-01
3.257433176040649414e-01
3.257433176040649414e-01
5.126835107803344727e-01
1.084033250808715820e+00
1.700011372566223145e+00
1.417117118835449219e+00
5.843660235404968262e-01
-4.521040320396423340e-01
-1.082636594772338867e+00
-1.276606798171997070e+00
-9.968848824501037598e-01
-9.908382892608642578e-01
-5.716006755828857422e-01
-9.985615313053131104e-02
2.096354514360427856e-01
3.257433176040649414e-01
3.257433176040649414e-01
3.257433176040649414e-01
3.257433176040649414e-01
3.257433176040649414e-01
3.257433176040649414e-01
3.257433176040649414e-01
3.257433176040649414e-01
3.257433176040649414e-01
3.257433176040649414e-01
3.257433176040649414e-01
3.257433176040649414e-01
3.257433176040649414e-01
3.257433176040649414e-01
3.257433176040649414e-01
6.338401436805725098e-01
1.284264683723449707e+00
1.589728951454162598e+00
9.130259752273559570e-01
-2.468955367803573608e-01
-1.295872330665588379e+00
-1.491923213005065918e+00
-1.086120367050170898e+00
-6.914703249931335449e-01
-9.128487110137939453e-01
-5.864739418029785156e-01
-1.588334143161773682e-01
1.391978263854980469e-01
3.257433176040649414e-01
3.257433176040649414e-01
3.257433176040649414e-01
3.257433176040649414e-01
3.257433176040649414e-01
3.257433176040649414e-01
3.257433176040649414e-01
3.257433176040649414e-01
3.257433176040649414e-01
3.257433176040649414e-01
3.257433176040649414e-01
3.257433176040649414e-01
3.257433176040649414e-01
3.257433176040649414e-01
3.257433176040649414e-01
6.806284189224243164e-01
1.253574132919311523e+00
1.167787432670593262e+00
1.645568460226058960e-01
-1.225451111793518066e+00
-1.932711482048034668e+00
-1.959209084510803223e+00
-1.092244148254394531e+00
-6.769989728927612305e-01
-1.000937104225158691e+00
-8.716833591461181641e-01
-3.969139158725738525e-01
5.630105733871459961e-02
3.257433176040649414e-01
3.257433176040649414e-01
3.257433176040649414e-01
3.257433176040649414e-01
3.257433176040649414e-01
3.257433176040649414e-01
3.257433176040649414e-01
3.257433176040649414e-01
3.257433176040649414e-01
3.257433176040649414e-01
3.257433176040649414e-01
3.257433176040649414e-01
3.257433176040649414e-01
3.257433176040649414e-01
3.257433176040649414e-01
6.431077718734741211e-01
1.067917346954345703e+00
7.949266433715820312e-01
-3.204623758792877197e-01
-1.441538810729980469e+00
-1.829452633857727051e+00
-1.656786680221557617e+00
-7.649796009063720703e-01
-5.295683741569519043e-01
-1.201619625091552734e+00
-1.217170596122741699e+00
-7.071183919906616211e-01
-5.566634982824325562e-02
3.257433176040649414e-01
3.257433176040649414e-01
3.257433176040649414e-01
3.257433176040649414e-01
3.257433176040649414e-01
3.257433176040649414e-01
3.257433176040649414e-01
3.257433176040649414e-01
3.257433176040649414e-01
3.257433176040649414e-01
3.257433176040649414e-01
3.257433176040649414e-01
3.257433176040649414e-01
3.257433176040649414e-01
3.257433176040649414e-01
5.230474472045898438e-01
7.439219951629638672e-01
5.325675010681152344e-01
-1.469262987375259399e-01
-7.807468771934509277e-01
-1.054554939270019531e+00
-9.147315025329589844e-01
-3.018278181552886963e-01
-4.252874255180358887e-01
-1.439584970474243164e+00
-1.543279170989990234e+00
-9.710906744003295898e-01
-1.613917052745819092e-01
3.257433176040649414e-01
3.257433176040649414e-01
3.257433176040649414e-01
3.257433176040649414e-01
3.257433176040649414e-01
3.257433176040649414e-01
3.257433176040649414e-01
3.257433176040649414e-01
3.257433176040649414e-01
3.257433176040649414e-01
3.257433176040649414e-01
3.257433176040649414e-01
3.257433176040649414e-01
3.257433176040649414e-01
3.257433176040649414e-01
4.601893126964569092e-01
5.638055205345153809e-01
4.108575582504272461e-01
1.003729328513145447e-01
-1.629364937543869019e-01
-1.341363489627838135e-01
-7.826870679855346680e-02
1.478121727705001831e-01
-6.589331626892089844e-01
-1.823241233825683594e+00
-1.774797797203063965e+00
-1.092383027076721191e+00
-1.999015212059020996e-01
3.257433176040649414e-01
3.257433176040649414e-01
3.257433176040649414e-01
3.257433176040649414e-01
3.257433176040649414e-01
3.257433176040649414e-01
3.257433176040649414e-01
3.257433176040649414e-01
3.257433176040649414e-01
3.257433176040649414e-01
3.257433176040649414e-01
3.257433176040649414e-01
3.257433176040649414e-01
3.257433176040649414e-01
3.257433176040649414e-01
2.807286083698272705e-01
1.565383523702621460e-01
2.015424668788909912e-01
4.463676214218139648e-01
6.307076215744018555e-01
5.496688485145568848e-01
1.689623445272445679e-01
-2.733789384365081787e-01
-1.256942033767700195e+00
-2.136402845382690430e+00
-1.901122331619262695e+00
-1.148972511291503906e+00
-2.165116816759109497e-01
3.257433176040649414e-01
3.257433176040649414e-01
3.257433176040649414e-01
3.257433176040649414e-01
3.257433176040649414e-01
3.257433176040649414e-01
3.257433176040649414e-01
3.257433176040649414e-01
3.257433176040649414e-01
3.257433176040649414e-01
3.257433176040649414e-01
3.257433176040649414e-01
3.257433176040649414e-01
3.257433176040649414e-01
3.257433176040649414e-01
1.969266086816787720e-01
2.936340495944023132e-02
1.105299219489097595e-01
3.391643464565277100e-01
3.155460357666015625e-01
-1.980409324169158936e-01
-8.820737004280090332e-01
-1.409870386123657227e+00
-2.054857969284057617e+00
-2.352334022521972656e+00
-1.723187446594238281e+00
-9.177448749542236328e-01
-1.531743109226226807e-01
3.257433176040649414e-01
3.257433176040649414e-01
3.257433176040649414e-01
3.257433176040649414e-01
3.257433176040649414e-01
3.257433176040649414e-01
3.257433176040649414e-01
3.257433176040649414e-01
3.257433176040649414e-01
3.257433176040649414e-01
3.257433176040649414e-01
3.257433176040649414e-01
3.257433176040649414e-01
3.257433176040649414e-01
3.257433176040649414e-01
2.798842191696166992e-01
1.220966950058937073e-01
-1.369243413209915161e-01
-3.863329589366912842e-01
-6.564851403236389160e-01
-1.521244168281555176e+00
-2.603432655334472656e+00
-2.998510360717773438e+00
-2.667664766311645508e+00
-2.084908485412597656e+00
-1.314609527587890625e+00
-5.620107650756835938e-01
2.282293280586600304e-04
3.257433176040649414e-01
3.257433176040649414e-01
3.257433176040649414e-01
3.257433176040649414e-01
3.257433176040649414e-01
3.257433176040649414e-01
3.257433176040649414e-01
3.257433176040649414e-01
3.257433176040649414e-01
3.257433176040649414e-01
3.257433176040649414e-01
3.257433176040649414e-01
3.257433176040649414e-01
3.257433176040649414e-01
3.257433176040649414e-01
2.167354375123977661e-01
-1.105030253529548645e-01
-6.257125735282897949e-01
-1.026972889900207520e+00
-1.591616988182067871e+00
-2.528856039047241211e+00
-3.264025926589965820e+00
-2.956397294998168945e+00
-2.140663385391235352e+00
-1.384981751441955566e+00
-6.281786561012268066e-01
-2.961678989231586456e-02
2.648672759532928467e-01
3.257433176040649414e-01
3.257433176040649414e-01
3.257433176040649414e-01
3.257433176040649414e-01
3.257433176040649414e-01
3.257433176040649414e-01
3.257433176040649414e-01
3.257433176040649414e-01
3.257433176040649414e-01
3.257433176040649414e-01
3.257433176040649414e-01
3.257433176040649414e-01
3.257433176040649414e-01
3.257433176040649414e-01
3.257433176040649414e-01
2.866175174713134766e-01
8.959080278873443604e-02
-3.854418992996215820e-01
-1.033767700195312500e+00
-1.702200651168823242e+00
-2.199778079986572266e+00
-2.357486248016357422e+00
-2.011748552322387695e+00
-1.391440272331237793e+00
-7.238498926162719727e-01
-1.450549960136413574e-01
2.064686566591262817e-01
3.257433176040649414e-01
3.257433176040649414e-01
3.257433176040649414e-01
3.257433176040649414e-01
3.257433176040649414e-01
3.257433176040649414e-01
3.257433176040649414e-01
3.257433176040649414e-01
3.257433176040649414e-01
3.257433176040649414e-01
3.257433176040649414e-01
3.257433176040649414e-01
3.257433176040649414e-01
3.257433176040649414e-01
3.257433176040649414e-01
3.257433176040649414e-01
3.257433176040649414e-01
2.759468853473663330e-01
9.296655654907226562e-02
-2.148394882678985596e-01
-4.940745234489440918e-01
-6.155706048011779785e-01
-6.076692938804626465e-01
-5.103319883346557617e-01
-3.154323101043701172e-01
-4.746692255139350891e-02
1.815094351768493652e-01
2.953052818775177002e-01
3.257433176040649414e-01
3.257433176040649414e-01
3.257433176040649414e-01
3.257433176040649414e-01
3.257433176040649414e-01
3.257433176040649414e-01
3.257433176040649414e-01
3.257433176040649414e-01
