8.214843869209289551e-01
1.470741271972656250e+00
1.533751130104064941e+00
1.096666693687438965e+00
-1.225752115249633789e+00
-1.340221166610717773e+00
-1.977495253086090088e-01
-2.242189645767211914e-01
2.173400074243545532e-01
6.941637992858886719e-01
7.911823391914367676e-01
1.241266131401062012e+00
1.835753917694091797e+00
3.254685103893280029e-01
-2.860865116119384766e+00
-1.246766924858093262e+00
-8.303116261959075928e-02
-7.307332754135131836e-01
-6.027234196662902832e-01
2.026468664407730103e-01
6.379753947257995605e-01
3.098342418670654297e-01
9.593958258628845215e-01
-3.594069182872772217e-01
-5.241855382919311523e-01
-2.144568711519241333e-01
-6.497448682785034180e-01
-1.445995450019836426e+00
9.540308266878128052e-02
5.498223304748535156e-01
3.779453039169311523e-01
-2.497696727514266968e-01
6.994246244430541992e-01
1.170183897018432617e+00
7.414066791534423828e-01
-2.683016844093799591e-02
-1.312682271003723145e+00
-6.372005939483642578e-01
1.046832203865051270e+00
8.969981670379638672e-01
4.148351848125457764e-01
3.005416989326477051e-01
-4.987736940383911133e-01
6.737957000732421875e-01
1.002187132835388184e-01
-1.517494201660156250e+00
-1.861204981803894043e+00
-8.218240737915039062e-02
5.095176100730895996e-01
7.372721433639526367e-01
6.036929488182067871e-01
1.046665668487548828e+00
-5.945045351982116699e-01
1.567590832710266113e-01
-5.122359991073608398e-01
-1.822360754013061523e+00
-8.193669915199279785e-01
-5.179977416992187500e-01
4.502840340137481689e-01
4.933679997920989990e-01
7.296555042266845703e-01
1.164042472839355469e+00
6.801434755325317383e-01
-3.467970788478851318e-01
-7.322481274604797363e-01
1.772156953811645508e-01
-1.055854320526123047e+00
-8.931734561920166016e-01
1.136399269104003906e+00
6.345776319503784180e-01
7.321550846099853516e-01
6.850582957267761230e-01
1.165778040885925293e+00
-8.709428906440734863e-01
-1.403350710868835449e+00
-7.571624517440795898e-01
-2.762873888015747070e+00
-6.984477043151855469e-01
1.518616318702697754e+00
8.467096686363220215e-01
5.656673312187194824e-01
7.833601534366607666e-02
1.052423119544982910e+00
1.684590280055999756e-01
-7.899363636970520020e-01
-1.154196262359619141e+00
-2.392095327377319336e+00
-3.162188529968261719e-01
1.182861685752868652e+00
8.184583783149719238e-01
4.857217073440551758e-01
1.346958279609680176e-01
2.565988600254058838e-01
7.085139155387878418e-01
-7.316763401031494141e-01
-1.284652233123779297e+00
-8.577429652214050293e-01
2.279672175645828247e-01
7.266950607299804688e-01
6.024297475814819336e-01
