-3.726673871278762817e-02
-1.082611680030822754e-01
8.411670327186584473e-01
3.972202539443969727e-01
-5.511140823364257812e-01
-8.468198776245117188e-01
-6.147196292877197266e-01
4.667628407478332520e-01
7.631254792213439941e-01
1.096075251698493958e-01
-1.460773944854736328e-01
-5.098866224288940430e-01
1.311385035514831543e+00
1.305783033370971680e+00
-3.556985259056091309e-01
-1.427134513854980469e+00
-1.822024106979370117e+00
-9.378201365470886230e-01
-1.147309899330139160e+00
-6.252989768981933594e-01
-4.626667127013206482e-02
-9.453277587890625000e-01
1.896116584539413452e-01
2.319056272506713867e+00
1.464855313301086426e+00
-1.095287203788757324e+00
-1.782859086990356445e+00
-2.189192175865173340e-01
-1.041690587997436523e+00
-9.026218652725219727e-01
1.231490354984998703e-02
-5.229513645172119141e-01
-1.150408625602722168e+00
5.123276710510253906e-01
2.134891033172607422e+00
2.412316799163818359e+00
-6.364434957504272461e-01
-1.297069311141967773e+00
-8.552827239036560059e-01
-3.108065128326416016e-01
2.729568816721439362e-02
-4.253763556480407715e-01
-1.063830375671386719e+00
-1.959639310836791992e+00
6.299445033073425293e-02
1.928250670433044434e+00
-2.084442526102066040e-01
-2.169877767562866211e+00
-9.320555329322814941e-01
-9.467331320047378540e-02
7.035499066114425659e-02
-2.857359647750854492e-01
-2.055120170116424561e-01
-2.167174100875854492e+00
-3.330776393413543701e-01
1.737315058708190918e+00
1.226900458335876465e+00
-1.713883042335510254e+00
-2.120654106140136719e+00
-1.776177287101745605e-01
-9.395535453222692013e-04
-4.792159795761108398e-01
6.853151321411132812e-01
-1.357260346412658691e+00
-1.905302882194519043e+00
-3.078921139240264893e-01
1.718278646469116211e+00
4.418383240699768066e-01
-2.359207153320312500e+00
-3.851741254329681396e-01
-6.036714091897010803e-02
-9.647007584571838379e-01
7.698320150375366211e-01
3.346482813358306885e-01
-2.105093002319335938e+00
-3.014383316040039062e+00
-1.199604988098144531e+00
1.156012892723083496e+00
-1.388887643814086914e+00
-2.264947146177291870e-01
-1.298437453806400299e-02
-7.187616825103759766e-01
-3.425115644931793213e-01
9.227178692817687988e-01
4.047928750514984131e-01
-7.881202697753906250e-01
-1.934976696968078613e+00
4.732430875301361084e-01
-3.158890604972839355e-01
-6.569368392229080200e-02
4.958420619368553162e-02
-4.305619597434997559e-01
-6.500148773193359375e-01
-9.229037761688232422e-01
-2.412375248968601227e-02
1.197270154953002930e+00
-4.455956220626831055e-01
-6.237295866012573242e-01
1.598203033208847046e-01
5.421899724751710892e-03
