1.630136221647262573e-01
7.922697812318801880e-02
7.721485942602157593e-02
-8.736283332109451294e-02
5.631829500198364258e-01
8.823419213294982910e-01
2.137311846017837524e-01
-2.255631238222122192e-01
-4.685371369123458862e-02
3.550380468368530273e-01
-2.744084037840366364e-02
-4.874344170093536377e-02
7.883742451667785645e-01
5.226439833641052246e-01
1.433699369430541992e+00
7.499423027038574219e-01
-2.439734190702438354e-01
-7.426311969757080078e-01
-5.696120262145996094e-01
2.558032274246215820e-01
1.964900940656661987e-01
2.860575728118419647e-02
-7.483408600091934204e-02
-2.695238403975963593e-02
7.774432748556137085e-02
-6.130132675170898438e-01
-4.928422570228576660e-01
-3.481452465057373047e-01
-1.333532780408859253e-01
1.644160002470016479e-01
3.513995707035064697e-01
-1.658361405134201050e-01
-1.182726383209228516e+00
-1.157421231269836426e+00
-5.715421438217163086e-01
-7.022616863250732422e-01
1.089003011584281921e-01
8.176590800285339355e-01
1.075041443109512329e-01
2.707585096359252930e-01
3.330858349800109863e-01
1.769165992736816406e-01
-1.251380681991577148e+00
-1.385992407798767090e+00
-1.551471999846398830e-03
-7.271559536457061768e-02
6.665390729904174805e-01
6.202217340469360352e-01
-7.898343354463577271e-02
2.059220820665359497e-01
2.676106989383697510e-01
3.673819601535797119e-01
-4.548514187335968018e-01
-7.012400627136230469e-01
4.399565514177083969e-03
-4.959204196929931641e-01
-3.258967697620391846e-01
-3.079937994480133057e-01
4.393316507339477539e-01
1.349817365407943726e-01
1.486770212650299072e-01
7.990937680006027222e-02
1.037111431360244751e-01
-6.856653690338134766e-01
-3.920666500926017761e-02
2.510517649352550507e-02
-1.197038814425468445e-01
6.607480347156524658e-02
1.098078727722167969e+00
6.127907037734985352e-01
1.427077800035476685e-01
2.779553458094596863e-02
2.670509219169616699e-01
-2.470081895589828491e-01
-6.996737718582153320e-01
-8.774773478507995605e-01
3.447862565517425537e-01
3.553764820098876953e-01
8.441669940948486328e-01
7.871661782264709473e-01
2.420675158500671387e-01
-2.479323931038379669e-02
-7.562903761863708496e-01
-8.607094287872314453e-01
-1.743915438652038574e+00
-2.604316473007202148e+00
-6.548006534576416016e-01
-7.707714438438415527e-01
-2.486132681369781494e-01
5.127602219581604004e-01
3.570184111595153809e-01
-1.074464060366153717e-02
-1.376546978950500488e+00
-1.591566324234008789e+00
-1.688079714775085449e+00
-2.484204292297363281e+00
-8.825531005859375000e-01
-1.550696015357971191e+00
-7.795697450637817383e-01
3.208935260772705078e-01
