-2.053726650774478912e-02
-7.893244624137878418e-01
-9.392546117305755615e-02
2.555814087390899658e-01
-1.131099820137023926e+00
-1.962860345840454102e+00
5.430492758750915527e-01
9.699644446372985840e-01
-5.197529494762420654e-02
2.596181631088256836e-01
-1.109120547771453857e-01
-1.141250848770141602e+00
-2.889196276664733887e-01
1.935824006795883179e-01
-3.508978486061096191e-01
3.830593824386596680e-01
3.033611297607421875e+00
9.624176025390625000e-01
-1.580489158630371094e+00
-3.881706893444061279e-01
-1.666239500045776367e-01
-7.241331934928894043e-01
1.339764147996902466e-01
3.818835616111755371e-01
5.995282530784606934e-01
1.391093730926513672e+00
1.534648180007934570e+00
-1.627235054969787598e+00
-1.371483206748962402e+00
2.224585711956024170e-01
1.281247008591890335e-02
-7.380068302154541016e-01
-3.132992386817932129e-01
-1.669768691062927246e-01
6.670918315649032593e-02
7.874707579612731934e-01
-2.933171689510345459e-01
-8.762950301170349121e-01
5.906068086624145508e-01
6.618468761444091797e-01
3.728217631578445435e-02
-1.324727416038513184e+00
-5.529874563217163086e-01
-2.796190679073333740e-01
7.984494417905807495e-02
-1.216672360897064209e-01
-7.940698862075805664e-01
7.168304920196533203e-02
1.134814977645874023e+00
5.710902214050292969e-01
1.402496732771396637e-02
-9.286764264106750488e-01
-2.262130081653594971e-01
5.142162442207336426e-01
5.914477705955505371e-01
-4.737834036350250244e-01
3.748759031295776367e-01
3.013921082019805908e-01
-1.046258769929409027e-02
1.083382666110992432e-01
9.399029426276683807e-03
-7.816617488861083984e-01
-2.093938440084457397e-01
4.411562532186508179e-02
1.073848754167556763e-01
-2.590211033821105957e-01
1.153317809104919434e+00
-1.463681101799011230e+00
-3.596015870571136475e-01
9.162540435791015625e-01
-2.464727498590946198e-02
-9.046887159347534180e-01
-3.255318701267242432e-01
-6.528369784355163574e-01
7.482051849365234375e-01
1.300515413284301758e+00
1.396484613418579102e+00
-1.849824309349060059e+00
3.386960625648498535e-01
8.363789916038513184e-01
8.041734807193279266e-03
-4.833510220050811768e-01
1.397950798273086548e-01
-8.272407650947570801e-01
7.846513390541076660e-01
1.524405241012573242e+00
6.126108393073081970e-02
-9.326063394546508789e-01
1.186345666646957397e-01
2.721519470214843750e-01
1.103714257478713989e-01
-6.493617296218872070e-01
-1.461675018072128296e-01
-1.168091297149658203e+00
-5.758920311927795410e-01
1.635235846042633057e-01
-9.359824657440185547e-01
-8.177714794874191284e-02
-7.173807621002197266e-01
-1.236182898283004761e-01
