-1.922915130853652954e-01
-1.922915130853652954e-01
-1.922915130853652954e-01
-1.922915130853652954e-01
-1.922915130853652954e-01
-1.922915130853652954e-01
-1.922915130853652954e-01
-1.922915130853652954e-01
-1.922915130853652954e-01
-1.922915130853652954e-01
-1.922915130853652954e-01
-1.922915130853652954e-01
-1.922915130853652954e-01
-1.922915130853652954e-01
-1.922915130853652954e-01
-1.922915130853652954e-01
-1.922915130853652954e-01
-1.922915130853652954e-01
-1.922915130853652954e-01
-1.922915130853652954e-01
-1.922915130853652954e-01
-1.922915130853652954e-01
-1.922915130853652954e-01
-1.922915130853652954e-01
-1.922915130853652954e-01
-1.922915130853652954e-01
-1.922915130853652954e-01
-1.922915130853652954e-01
-1.922915130853652954e-01
-1.922915130853652954e-01
-1.922915130853652954e-01
-1.922915130853652954e-01
-1.922915130853652954e-01
-1.922915130853652954e-01
-1.922915130853652954e-01
-1.922915130853652954e-01
-1.922915130853652954e-01
-1.922915130853652954e-01
-1.922915130853652954e-01
-1.922915130853652954e-01
-1.922915130853652954e-01
-1.922915130853652954e-01
-1.922915130853652954e-01
-1.922915130853652954e-01
-1.922915130853652954e-01
-1.922915130853652954e-01
-1.922915130853652954e-01
-1.922915130853652954e-01
-1.922915130853652954e-01
-1.922915130853652954e-01
-1.922915130853652954e-01
-1.922915130853652954e-01
-1.922915130853652954e-01
-1.922915130853652954e-01
-1.922915130853652954e-01
-1.922915130853652954e-01
-1.922915130853652954e-01
-1.922915130853652954e-01
-1.922915130853652954e-01
-1.922915130853652954e-01
-1.922915130853652954e-01
-1.922915130853652954e-01
-1.922915130853652954e-01
-1.922915130853652954e-01
-1.922915130853652954e-01
-1.922915130853652954e-01
-1.922915130853652954e-01
-1.922915130853652954e-01
-1.922915130853652954e-01
-1.922915130853652954e-01
-1.922915130853652954e-01
-1.922915130853652954e-01
-1.922915130853652954e-01
-1.922915130853652954e-01
-1.922915130853652954e-01
-1.922915130853652954e-01
-1.922915130853652954e-01
-1.922915130853652954e-01
-1.922915130853652954e-01
-1.922915130853652954e-01
-1.922915130853652954e-01
-1.922915130853652954e-01
-1.922915130853652954e-01
-1.922915130853652954e-01
-2.009387314319610596e-01
-1.878692209720611572e-01
-1.694314330816268921e-01
-1.513696610927581787e-01
-1.666416078805923462e-01
-1.901265382766723633e-01
-1.892429143190383911e-01
-1.847863793373107910e-01
-1.811143904924392700e-01
-1.807352453470230103e-01
-1.817358136177062988e-01
-1.838975697755813599e-01
-1.860347241163253784e-01
-1.640691608190536499e-01
-1.675912290811538696e-01
-1.780243813991546631e-01
-1.720789968967437744e-01
-1.689661592245101929e-01
-1.955782473087310791e-01
-2.229973673820495605e-01
-1.949458122253417969e-01
-1.852879673242568970e-01
-1.922915130853652954e-01
-1.922915130853652954e-01
-1.922915130853652954e-01
-1.922915130853652954e-01
-1.922915130853652954e-01
-1.922915130853652954e-01
-3.264761567115783691e-01
-2.118639349937438965e-01
1.989063918590545654e-01
4.589350521564483643e-01
2.148990631103515625e-01
-9.734820574522018433e-02
-1.130819916725158691e-01
3.649438964203000069e-03
3.376147523522377014e-02
1.370615325868129730e-02
8.681427687406539917e-03
-7.029840722680091858e-03
-1.243274956941604614e-01
2.637079954147338867e-01
2.363687455654144287e-01
8.216635137796401978e-02
2.017944753170013428e-01
2.057272195816040039e-01
-1.287569403648376465e-01
-6.073046326637268066e-01
-2.302819043397903442e-01
-8.508169651031494141e-02
-1.922915130853652954e-01
-1.922915130853652954e-01
-1.922915130853652954e-01
-1.922915130853652954e-01
-1.922915130853652954e-01
-1.922915130853652954e-01
-5.550823807716369629e-01
-7.413786649703979492e-01
-1.931305229663848877e-01
8.692272901535034180e-01
1.213434219360351562e+00
1.077067613601684570e+00
8.258013725280761719e-01
6.865767836570739746e-01
6.455952525138854980e-01
6.380604505538940430e-01
6.384111046791076660e-01
6.135829091072082520e-01
2.783907651901245117e-01
6.713321805000305176e-01
8.401724696159362793e-01
8.985791802406311035e-01
1.210870623588562012e+00
1.609594821929931641e+00
1.295600295066833496e+00
-2.282745540142059326e-01
-1.614820957183837891e-01
-8.962974697351455688e-02
-1.832869350910186768e-01
-1.922915130853652954e-01
-1.922915130853652954e-01
-1.922915130853652954e-01
-1.922915130853652954e-01
-1.922915130853652954e-01
-7.583562135696411133e-01
-1.643886804580688477e+00
-1.635345220565795898e+00
-1.484236866235733032e-01
9.758224487304687500e-01
1.774950265884399414e+00
1.009227633476257324e+00
5.772183835506439209e-02
2.052277177572250366e-01
5.645752549171447754e-01
5.841429233551025391e-01
5.160221457481384277e-01
1.105558127164840698e-02
8.189097046852111816e-02
4.187669456005096436e-01
7.159523367881774902e-01
1.202713489532470703e+00
2.160002708435058594e+00
2.318203210830688477e+00
-2.333150804042816162e-02
-5.898559689521789551e-01
-4.225161969661712646e-01
-1.890901774168014526e-01
-1.922915130853652954e-01
-1.922915130853652954e-01
-1.922915130853652954e-01
-1.922915130853652954e-01
-1.922915130853652954e-01
-6.719518303871154785e-01
-1.849354624748229980e+00
-2.784873485565185547e+00
-2.067078828811645508e+00
-9.134235382080078125e-01
1.812546253204345703e+00
2.122564077377319336e+00
4.146274924278259277e-01
-2.161108702421188354e-01
-2.453264594078063965e-02
-4.533214122056961060e-02
-1.190383881330490112e-01
-4.574309289455413818e-01
-7.035706639289855957e-01
-9.716865420341491699e-01
-1.827877312898635864e-01
8.620886802673339844e-01
2.520735502243041992e+00
3.784780502319335938e+00
1.562967181205749512e+00
3.494175523519515991e-02
-5.414961576461791992e-01
-2.248399555683135986e-01
-1.922915130853652954e-01
-1.922915130853652954e-01
-1.922915130853652954e-01
-1.922915130853652954e-01
-1.922915130853652954e-01
-6.555098891258239746e-01
-1.614619374275207520e+00
-2.207114934921264648e+00
-1.990475296974182129e+00
-2.653720140457153320e+00
-4.652617573738098145e-01
2.365868806838989258e+00
1.432140707969665527e+00
-4.891290366649627686e-01
-7.763531208038330078e-01
-4.818794727325439453e-01
-4.204970300197601318e-01
-8.094764947891235352e-01
-6.766876578330993652e-01
-1.417442798614501953e+00
-1.214965581893920898e+00
2.051620334386825562e-01
2.595831871032714844e+00
4.098553180694580078e+00
1.372221589088439941e+00
-3.124115765094757080e-01
-5.496098399162292480e-01
-2.002508044242858887e-01
-1.922915130853652954e-01
-1.922915130853652954e-01
-1.922915130853652954e-01
-1.922915130853652954e-01
-1.922915130853652954e-01
-4.110155403614044189e-01
-8.687673807144165039e-01
-1.149716854095458984e+00
-1.170001268386840820e+00
-3.058381319046020508e+00
-3.348409414291381836e+00
1.961405634880065918e+00
3.291661262512207031e+00
5.908069014549255371e-01
-9.291998147964477539e-01
-7.921509146690368652e-01
-6.000061035156250000e-01
-6.738141179084777832e-01
-6.206059455871582031e-01
-2.261310100555419922e+00
-2.490089654922485352e+00
-8.754507899284362793e-01
2.132519960403442383e+00
4.055733680725097656e+00
1.494485378265380859e+00
-5.015888810157775879e-01
-6.634070873260498047e-01
-1.978947073221206665e-01
-1.922915130853652954e-01
-1.922915130853652954e-01
-1.922915130853652954e-01
-1.922915130853652954e-01
-1.922915130853652954e-01
-2.408933192491531372e-01
-3.452619612216949463e-01
-4.357668757438659668e-01
-6.821189522743225098e-01
-2.598733186721801758e+00
-4.471453666687011719e+00
1.399000883102416992e+00
3.730535030364990234e+00
1.604247808456420898e+00
-4.422527849674224854e-01
-6.235398650169372559e-01
-4.527434110641479492e-01
-3.917755782604217529e-01
-3.776732385158538818e-01
-2.703462600708007812e+00
-3.353177309036254883e+00
-1.044951081275939941e+00
2.473712205886840820e+00
3.930832386016845703e+00
1.377876043319702148e+00
-5.522422194480895996e-01
-6.377341747283935547e-01
-1.944828331470489502e-01
-1.922915130853652954e-01
-1.922915130853652954e-01
-1.922915130853652954e-01
-1.922915130853652954e-01
-1.922915130853652954e-01
-1.922915130853652954e-01
-1.922915130853652954e-01
-2.192924767732620239e-01
-4.137208163738250732e-01
-1.719164371490478516e+00
-4.227405548095703125e+00
4.554966390132904053e-01
2.768370151519775391e+00
2.067181587219238281e+00
1.279107928276062012e-01
-4.807611405849456787e-01
-3.754124939441680908e-01
-2.255424112081527710e-01
-2.201422899961471558e-01
-2.809834241867065430e+00
-3.772468090057373047e+00
-8.220767974853515625e-01
3.101176500320434570e+00
3.933637857437133789e+00
9.670999646186828613e-01
-6.593210101127624512e-01
-5.066175460815429688e-01
-1.922915130853652954e-01
-1.922915130853652954e-01
-1.922915130853652954e-01
-1.922915130853652954e-01
-1.922915130853652954e-01
-1.922915130853652954e-01
-1.922915130853652954e-01
-1.922915130853652954e-01
-1.922915130853652954e-01
-2.387949675321578979e-01
-8.524347543716430664e-01
-3.538986921310424805e+00
-8.863156437873840332e-01
1.890792369842529297e+00
2.074803590774536133e+00
9.728493541479110718e-02
-4.954707026481628418e-01
-3.324342966079711914e-01
-1.922915130853652954e-01
-1.922915130853652954e-01
-2.666127443313598633e+00
-3.922029972076416016e+00
-8.739875555038452148e-01
3.383992671966552734e+00
4.095914840698242188e+00
6.484944224357604980e-01
-7.171413302421569824e-01
-4.119243025779724121e-01
-1.922915130853652954e-01
-1.922915130853652954e-01
-1.922915130853652954e-01
-1.922915130853652954e-01
-1.922915130853652954e-01
-1.922915130853652954e-01
-1.922915130853652954e-01
-1.922915130853652954e-01
-1.922915130853652954e-01
-1.976917535066604614e-01
-2.644902169704437256e-01
-2.700391054153442383e+00
-1.588511705398559570e+00
1.537580251693725586e+00
1.525415778160095215e+00
-1.846591681241989136e-01
-4.304124116897583008e-01
-2.378250062465667725e-01
-1.922915130853652954e-01
-1.922915130853652954e-01
-2.456611394882202148e+00
-3.617923736572265625e+00
-1.131712079048156738e+00
2.987964630126953125e+00
4.325460910797119141e+00
8.332377672195434570e-01
-7.264237999916076660e-01
-5.070931911468505859e-01
-1.922915130853652954e-01
-1.922915130853652954e-01
-1.922915130853652954e-01
-1.922915130853652954e-01
-1.922915130853652954e-01
-1.922915130853652954e-01
-1.922915130853652954e-01
-1.922915130853652954e-01
-1.922915130853652954e-01
-1.922915130853652954e-01
-1.922915130853652954e-01
-1.640381217002868652e+00
-9.744916558265686035e-01
9.913212656974792480e-01
6.687257885932922363e-01
-3.141914904117584229e-01
-4.034057259559631348e-01
-2.170525938272476196e-01
-1.922915130853652954e-01
-1.922915130853652954e-01
-2.445362329483032227e+00
-3.227726697921752930e+00
-1.126071810722351074e+00
2.528618574142456055e+00
4.210119724273681641e+00
1.149715423583984375e+00
-4.637785851955413818e-01
-5.624579191207885742e-01
-1.922915130853652954e-01
-1.922915130853652954e-01
-1.922915130853652954e-01
-1.922915130853652954e-01
-1.922915130853652954e-01
-1.922915130853652954e-01
-1.922915130853652954e-01
-1.922915130853652954e-01
-1.922915130853652954e-01
-1.922915130853652954e-01
-1.922915130853652954e-01
-8.991317749023437500e-01
-1.266056746244430542e-01
6.145966649055480957e-01
-3.734797239303588867e-01
-4.851232469081878662e-01
-2.654183506965637207e-01
-1.974045336246490479e-01
-1.922915130853652954e-01
-1.922915130853652954e-01
-2.564912080764770508e+00
-3.228405237197875977e+00
-1.165470600128173828e+00
2.439683675765991211e+00
4.306877613067626953e+00
1.274687767028808594e+00
-4.737585186958312988e-01
-5.834991931915283203e-01
-1.922915130853652954e-01
-1.922915130853652954e-01
-1.922915130853652954e-01
-1.922915130853652954e-01
-1.922915130853652954e-01
-1.922915130853652954e-01
-1.922915130853652954e-01
-1.922915130853652954e-01
-1.922915130853652954e-01
-1.922915130853652954e-01
-1.922915130853652954e-01
-2.354930937290191650e-01
-1.866600960493087769e-01
-1.376876533031463623e-01
-2.075981050729751587e-01
-2.160352170467376709e-01
-1.952133178710937500e-01
-1.922915130853652954e-01
-1.922915130853652954e-01
-1.944532692432403564e-01
-2.696756362915039062e+00
-3.484693050384521484e+00
-1.312426209449768066e+00
2.718380212783813477e+00
4.660799026489257812e+00
1.329435944557189941e+00
-5.685345530509948730e-01
-5.988993644714355469e-01
-1.922915130853652954e-01
-1.922915130853652954e-01
-1.922915130853652954e-01
-1.922915130853652954e-01
-1.922915130853652954e-01
-1.922915130853652954e-01
-1.922915130853652954e-01
-1.922915130853652954e-01
-1.922915130853652954e-01
-1.922915130853652954e-01
-1.922915130853652954e-01
-1.922915130853652954e-01
-1.922915130853652954e-01
-1.922915130853652954e-01
-1.922915130853652954e-01
-1.922915130853652954e-01
-1.922915130853652954e-01
-1.922915130853652954e-01
-1.922915130853652954e-01
-2.123263925313949585e-01
-2.980742216110229492e+00
-3.444637537002563477e+00
-9.711164832115173340e-01
2.678800821304321289e+00
4.546501159667968750e+00
1.346904397010803223e+00
-5.743101239204406738e-01
-6.079863309860229492e-01
-1.922915130853652954e-01
-1.922915130853652954e-01
-1.922915130853652954e-01
-1.922915130853652954e-01
-1.922915130853652954e-01
-1.922915130853652954e-01
-1.922915130853652954e-01
-1.922915130853652954e-01
-1.922915130853652954e-01
-1.922915130853652954e-01
-1.922915130853652954e-01
-1.922915130853652954e-01
-1.922915130853652954e-01
-1.922915130853652954e-01
-1.922915130853652954e-01
-1.922915130853652954e-01
-1.922915130853652954e-01
-1.922915130853652954e-01
-1.922915130853652954e-01
-2.788320481777191162e-01
-3.111333131790161133e+00
-3.242660284042358398e+00
-7.203372120857238770e-01
2.610963821411132812e+00
4.402683258056640625e+00
1.401988148689270020e+00
-5.473673343658447266e-01
-6.237596273422241211e-01
-1.922915130853652954e-01
-1.922915130853652954e-01
-1.922915130853652954e-01
-1.922915130853652954e-01
-1.922915130853652954e-01
-1.922915130853652954e-01
-1.922915130853652954e-01
-1.922915130853652954e-01
-1.922915130853652954e-01
-1.922915130853652954e-01
-1.922915130853652954e-01
-1.922915130853652954e-01
-1.922915130853652954e-01
-1.922915130853652954e-01
-1.922915130853652954e-01
-1.922915130853652954e-01
-1.922915130853652954e-01
-1.922915130853652954e-01
-1.922915130853652954e-01
-4.544189572334289551e-01
-3.174987554550170898e+00
-3.149133920669555664e+00
-3.712681829929351807e-01
2.746789455413818359e+00
4.053906917572021484e+00
1.449785351753234863e+00
-5.019750595092773438e-01
-6.533717513084411621e-01
-1.922915130853652954e-01
-1.922915130853652954e-01
-1.922915130853652954e-01
-1.922915130853652954e-01
-1.922915130853652954e-01
-1.922915130853652954e-01
-1.922915130853652954e-01
-1.922915130853652954e-01
-1.922915130853652954e-01
-1.922915130853652954e-01
-1.922915130853652954e-01
-1.922915130853652954e-01
-1.922915130853652954e-01
-1.922915130853652954e-01
-1.922915130853652954e-01
-1.922915130853652954e-01
-1.922915130853652954e-01
-1.922915130853652954e-01
-1.922915130853652954e-01
-7.951967120170593262e-01
-3.166948080062866211e+00
-3.121876001358032227e+00
9.158867597579956055e-02
3.162014007568359375e+00
3.672478437423706055e+00
1.159186959266662598e+00
-5.898188352584838867e-01
-5.976384878158569336e-01
-1.922915130853652954e-01
-1.922915130853652954e-01
-1.922915130853652954e-01
-1.922915130853652954e-01
-1.922915130853652954e-01
-1.922915130853652954e-01
-1.922915130853652954e-01
-1.922915130853652954e-01
-1.922915130853652954e-01
-1.922915130853652954e-01
-1.922915130853652954e-01
-1.922915130853652954e-01
-1.922915130853652954e-01
-1.922915130853652954e-01
-1.922915130853652954e-01
-1.922915130853652954e-01
-1.922915130853652954e-01
-1.922915130853652954e-01
-1.922915130853652954e-01
-1.254769563674926758e+00
-3.294440031051635742e+00
-2.922310590744018555e+00
7.135449051856994629e-01
3.628235101699829102e+00
3.398830890655517578e+00
8.104661703109741211e-01
-5.886890888214111328e-01
-4.580736160278320312e-01
-1.922915130853652954e-01
-1.922915130853652954e-01
-1.922915130853652954e-01
-1.922915130853652954e-01
-1.922915130853652954e-01
-1.922915130853652954e-01
-1.922915130853652954e-01
-1.922915130853652954e-01
-1.922915130853652954e-01
-1.922915130853652954e-01
-1.922915130853652954e-01
-1.922915130853652954e-01
-1.922915130853652954e-01
-1.922915130853652954e-01
-1.922915130853652954e-01
-1.922915130853652954e-01
-1.922915130853652954e-01
-1.922915130853652954e-01
-1.922915130853652954e-01
-1.686599612236022949e+00
-3.611828804016113281e+00
-2.579326868057250977e+00
1.437341451644897461e+00
3.787760734558105469e+00
2.999206542968750000e+00
5.997385978698730469e-01
-7.530297636985778809e-01
-4.946294128894805908e-01
-1.922915130853652954e-01
-1.922915130853652954e-01
-1.922915130853652954e-01
-1.922915130853652954e-01
-1.922915130853652954e-01
-1.922915130853652954e-01
-1.922915130853652954e-01
-1.922915130853652954e-01
-1.922915130853652954e-01
-1.922915130853652954e-01
-1.922915130853652954e-01
-1.922915130853652954e-01
-1.922915130853652954e-01
-1.922915130853652954e-01
-1.922915130853652954e-01
-1.922915130853652954e-01
-1.922915130853652954e-01
-1.922915130853652954e-01
-1.922915130853652954e-01
-1.995524883270263672e+00
-3.730463981628417969e+00
-2.344584941864013672e+00
1.888339519500732422e+00
3.979975938796997070e+00
2.371045827865600586e+00
4.061992168426513672e-01
-5.728178024291992188e-01
-4.302499294281005859e-01
-1.922915130853652954e-01
-1.922915130853652954e-01
-1.922915130853652954e-01
-1.922915130853652954e-01
-1.922915130853652954e-01
-1.922915130853652954e-01
-1.922915130853652954e-01
-1.922915130853652954e-01
-1.922915130853652954e-01
-1.922915130853652954e-01
-1.922915130853652954e-01
-1.922915130853652954e-01
-1.922915130853652954e-01
-1.922915130853652954e-01
-1.922915130853652954e-01
-1.922915130853652954e-01
-1.922915130853652954e-01
-1.922915130853652954e-01
-1.922915130853652954e-01
-2.298429012298583984e+00
-3.488931894302368164e+00
-1.973844647407531738e+00
1.868109822273254395e+00
4.032569408416748047e+00
2.143960475921630859e+00
8.516255021095275879e-02
-6.562077403068542480e-01
-3.179482519626617432e-01
-1.922915130853652954e-01
-1.922915130853652954e-01
-1.922915130853652954e-01
-1.922915130853652954e-01
-1.922915130853652954e-01
-1.922915130853652954e-01
-1.922915130853652954e-01
-1.922915130853652954e-01
-1.922915130853652954e-01
-1.922915130853652954e-01
-1.922915130853652954e-01
-1.922915130853652954e-01
-1.922915130853652954e-01
-1.922915130853652954e-01
-1.922915130853652954e-01
-1.922915130853652954e-01
-1.922915130853652954e-01
-1.922915130853652954e-01
-1.922915130853652954e-01
-2.551376104354858398e+00
-3.263793945312500000e+00
-1.583398342132568359e+00
2.092931270599365234e+00
4.081895351409912109e+00
1.930958390235900879e+00
-2.429177016019821167e-01
-7.639744281768798828e-01
-2.602528333663940430e-01
-1.922915130853652954e-01
-1.922915130853652954e-01
-1.922915130853652954e-01
-1.922915130853652954e-01
-1.922915130853652954e-01
-1.922915130853652954e-01
-1.922915130853652954e-01
-1.922915130853652954e-01
-1.922915130853652954e-01
-1.922915130853652954e-01
-1.922915130853652954e-01
-1.922915130853652954e-01
-1.922915130853652954e-01
-1.922915130853652954e-01
-1.922915130853652954e-01
-1.922915130853652954e-01
-1.922915130853652954e-01
-1.922915130853652954e-01
-1.922915130853652954e-01
-2.756825685501098633e+00
-3.513794660568237305e+00
-1.197280406951904297e+00
2.619974613189697266e+00
4.000669002532958984e+00
1.505879759788513184e+00
-5.086001753807067871e-01
-6.736072301864624023e-01
-2.192422598600387573e-01
-1.922915130853652954e-01
-1.922915130853652954e-01
-1.922915130853652954e-01
-1.922915130853652954e-01
-1.922915130853652954e-01
-1.922915130853652954e-01
-1.922915130853652954e-01
-1.922915130853652954e-01
-1.922915130853652954e-01
-1.922915130853652954e-01
-1.922915130853652954e-01
-1.922915130853652954e-01
-1.922915130853652954e-01
-1.922915130853652954e-01
-1.922915130853652954e-01
-1.922915130853652954e-01
-1.922915130853652954e-01
-1.922915130853652954e-01
-1.922915130853652954e-01
-2.550842046737670898e+00
-3.966514348983764648e+00
-1.563911080360412598e+00
2.581815004348754883e+00
3.805218696594238281e+00
1.296983480453491211e+00
-6.623788475990295410e-01
-6.229223012924194336e-01
-1.978947073221206665e-01
-1.922915130853652954e-01
-1.922915130853652954e-01
-1.922915130853652954e-01
-1.922915130853652954e-01
-1.922915130853652954e-01
-1.922915130853652954e-01
