2.839213848114013672e+00
3.374814510345458984e+00
2.759390592575073242e+00
3.418553829193115234e+00
4.607795238494873047e+00
4.115836143493652344e+00
3.007983446121215820e+00
4.795205891132354736e-01
1.458663195371627808e-01
2.453539334237575531e-02
-2.697508335113525391e+00
-3.170984029769897461e+00
-3.349083900451660156e+00
-4.032427310943603516e+00
-3.346769094467163086e+00
-2.482733011245727539e+00
-2.246086835861206055e+00
-2.250990867614746094e+00
1.668466329574584961e-01
-2.765615284442901611e-01
-3.150697946548461914e+00
-3.824496269226074219e+00
-3.394591093063354492e+00
-2.190536975860595703e+00
-2.842532157897949219e+00
-2.364892482757568359e+00
-3.572693586349487305e+00
-2.879982948303222656e+00
2.222543060779571533e-01
-4.530151486396789551e-01
1.982228636741638184e+00
3.760189414024353027e-01
1.796346187591552734e+00
3.063955545425415039e+00
2.264998435974121094e+00
3.029476642608642578e+00
-3.368793129920959473e-01
-2.026946306228637695e+00
7.759152352809906006e-02
-6.948642730712890625e-01
1.311777085065841675e-01
-2.151347398757934570e+00
-1.879973173141479492e+00
-1.794855117797851562e+00
-1.363678812980651855e+00
6.770904064178466797e-01
-1.727684140205383301e+00
-2.687633037567138672e+00
-2.225719094276428223e-01
-1.120555877685546875e+00
2.109144628047943115e-01
-3.316876590251922607e-01
-5.624887943267822266e-01
-1.613284707069396973e+00
-1.077197074890136719e+00
8.988589644432067871e-01
-1.474768877029418945e+00
-2.356052637100219727e+00
-6.565646082162857056e-02
-9.994445443153381348e-01
-1.545039415359497070e-01
2.001288086175918579e-01
4.668771848082542419e-02
-9.149903059005737305e-01
-8.011208176612854004e-01
6.915518045425415039e-01
-2.006237030029296875e+00
-2.541790246963500977e+00
2.529017925262451172e-01
-9.993820190429687500e-01
-6.044460535049438477e-01
-4.453531801700592041e-01
-3.226087093353271484e-01
-8.475569486618041992e-01
-3.887001276016235352e-01
7.357712388038635254e-01
-2.262794017791748047e+00
-2.176203966140747070e+00
3.013412654399871826e-01
-1.023423314094543457e+00
-2.625153064727783203e-01
-2.584996819496154785e-01
-2.676107883453369141e-01
-6.679860353469848633e-01
-3.299659490585327148e-01
7.428796291351318359e-01
-2.404093742370605469e+00
-1.577698469161987305e+00
3.063337504863739014e-01
-1.074582934379577637e+00
-2.532502114772796631e-01
-2.532502114772796631e-01
-2.969033420085906982e-01
-8.908051252365112305e-01
-5.065475702285766602e-01
5.514885112643241882e-02
-3.339339971542358398e+00
-8.697079420089721680e-01
1.408984214067459106e-01
-1.202662944793701172e+00
