8.289332985877990723e-01
-1.349225789308547974e-01
7.246382236480712891e-01
2.167118042707443237e-01
5.610825419425964355e-01
8.514096736907958984e-01
-1.334910511970520020e+00
-1.598402261734008789e+00
-1.164240598678588867e+00
-1.154116630554199219e+00
3.600641727447509766e+00
4.470175504684448242e-01
1.313919425010681152e+00
1.899112582206726074e+00
1.652745366096496582e+00
3.927832603454589844e+00
3.373638987541198730e-01
-8.413394689559936523e-01
-1.284742474555969238e+00
-1.476351380348205566e+00
3.213333129882812500e+00
3.527222573757171631e-01
9.417263269424438477e-01
1.045707941055297852e+00
1.613111615180969238e+00
4.327609062194824219e+00
-3.336105346679687500e-01
-1.382800817489624023e+00
-1.503296732902526855e+00
-1.411048293113708496e+00
3.242908000946044922e+00
5.762600302696228027e-01
-2.054652720689773560e-01
8.569226264953613281e-01
1.287035584449768066e+00
4.976986408233642578e+00
2.320840597152709961e+00
-1.884332448244094849e-01
-1.495273232460021973e+00
-7.280319929122924805e-01
2.085616827011108398e+00
2.224270105361938477e+00
-3.568646907806396484e-01
5.059285759925842285e-01
1.750557899475097656e+00
5.303700447082519531e+00
3.298506498336791992e+00
-5.227451324462890625e-01
-1.868128657341003418e+00
-7.486479878425598145e-01
-1.372708678245544434e-01
1.902927041053771973e+00
-1.224480986595153809e+00
-8.317290544509887695e-01
8.555020093917846680e-01
4.074189662933349609e+00
2.775403499603271484e+00
-3.845979869365692139e-01
-1.716855406761169434e+00
-7.664921283721923828e-01
-1.068662881851196289e+00
3.848649561405181885e-01
-6.462854146957397461e-01
-6.838937401771545410e-01
5.790464878082275391e-01
4.031319618225097656e+00
2.974946498870849609e+00
-3.696726262569427490e-01
-2.086875677108764648e+00
-6.533629298210144043e-01
-9.984976053237915039e-01
-5.791673064231872559e-01
-7.984300255775451660e-01
-6.509737372398376465e-01
9.328495860099792480e-01
3.999817132949829102e+00
2.416339635848999023e+00
-1.686825975775718689e-02
-2.116217136383056641e+00
-5.903566479682922363e-01
-1.035922408103942871e+00
-1.030017852783203125e+00
-8.494576215744018555e-01
-6.715637445449829102e-01
1.411716818809509277e+00
3.830969572067260742e+00
2.459037065505981445e+00
8.684454858303070068e-02
-2.277662992477416992e+00
-4.121261537075042725e-01
-1.038067936897277832e+00
-1.038067936897277832e+00
-8.714950680732727051e-01
-7.747886776924133301e-01
1.880504250526428223e+00
4.038276672363281250e+00
2.475630760192871094e+00
-5.258423462510108948e-02
-2.018612146377563477e+00
-5.355443358421325684e-01
