3.308899164199829102e+00
4.541891574859619141e+00
4.475322723388671875e+00
2.608150959014892578e+00
3.011373281478881836e+00
4.274987697601318359e+00
3.771461009979248047e+00
3.214112997055053711e+00
8.203055709600448608e-02
-4.800562560558319092e-01
1.526824831962585449e+00
1.733368396759033203e+00
1.795013070106506348e+00
-1.595782190561294556e-01
-3.849824666976928711e-01
2.533379316329956055e+00
4.288572788238525391e+00
4.183619976043701172e+00
1.047123789787292480e+00
-4.619303345680236816e-02
-1.076292917132377625e-01
-2.925617098808288574e-01
3.201901912689208984e-01
-2.614591836929321289e+00
-2.862829923629760742e+00
-2.078127712011337280e-01
1.667355537414550781e+00
3.019556999206542969e+00
7.788020968437194824e-01
-1.053087949752807617e+00
2.365909337997436523e+00
3.095351934432983398e+00
4.651121139526367188e+00
1.880549550056457520e+00
1.035883784294128418e+00
3.969673871994018555e+00
3.828946828842163086e+00
5.232260704040527344e+00
1.908251881599426270e+00
-1.253674983978271484e+00
-3.368524014949798584e-01
-1.111233353614807129e+00
1.904046177864074707e+00
-1.611863970756530762e+00
-2.597505569458007812e+00
2.181083202362060547e+00
2.251671791076660156e+00
5.035602092742919922e+00
2.130320310592651367e+00
-9.854577779769897461e-01
5.453928112983703613e-01
-1.196906566619873047e+00
7.430125474929809570e-01
-1.241188406944274902e+00
-2.747777223587036133e+00
2.487936019897460938e+00
1.873770833015441895e+00
4.780509948730468750e+00
1.852356672286987305e+00
-1.129801273345947266e+00
5.376895070075988770e-01
-5.222558379173278809e-01
4.999524354934692383e-01
-1.234912872314453125e+00
-2.166765928268432617e+00
2.539447546005249023e+00
2.266710758209228516e+00
4.315564155578613281e+00
1.859349370002746582e+00
-1.097789645195007324e+00
-1.777295321226119995e-01
-4.858462810516357422e-01
-1.801584511995315552e-01
-1.652691602706909180e+00
-1.732690095901489258e+00
2.765469312667846680e+00
2.431733608245849609e+00
4.284481048583984375e+00
1.957005381584167480e+00
-1.249641418457031250e+00
-3.160974383354187012e-02
-3.528018668293952942e-02
-1.518971920013427734e-01
-2.007210969924926758e+00
-1.326157093048095703e+00
3.036276340484619141e+00
2.458586931228637695e+00
4.249295711517333984e+00
1.538432598114013672e+00
-1.086595296859741211e+00
-2.539885044097900391e-02
-2.539885044097900391e-02
-2.453163862228393555e-01
-1.999236583709716797e+00
-8.758159279823303223e-01
2.897667646408081055e+00
2.080357789993286133e+00
4.055595874786376953e+00
1.413145661354064941e+00
-8.981920480728149414e-01
