-6.095110893249511719e+00
-7.055855751037597656e+00
-6.854096889495849609e+00
-7.982295513153076172e+00
-8.327111244201660156e+00
-7.219251632690429688e+00
-6.323413848876953125e+00
-3.278525352478027344e+00
-1.371313929557800293e+00
2.674132287502288818e-01
-2.131388425827026367e+00
-3.515709877014160156e+00
-2.782341718673706055e+00
-3.566634416580200195e+00
-3.321707963943481445e+00
-3.590696334838867188e+00
-4.340257644653320312e+00
-2.746747016906738281e+00
-2.067979574203491211e+00
-7.009759545326232910e-01
1.729276537895202637e+00
9.501156806945800781e-01
2.154088973999023438e+00
1.449384808540344238e+00
9.847044348716735840e-01
-2.715680599212646484e-01
-2.046070098876953125e+00
-8.077818751335144043e-01
-9.514437317848205566e-01
-5.825771689414978027e-01
6.483200192451477051e-01
1.012865662574768066e+00
1.790450096130371094e+00
1.659457087516784668e+00
1.057586908340454102e+00
1.390203386545181274e-01
-1.485856771469116211e+00
3.613528609275817871e-01
3.797682002186775208e-02
-1.545242369174957275e-01
6.188817024230957031e-01
6.671563982963562012e-01
1.504703044891357422e+00
1.209094882011413574e+00
5.213027596473693848e-01
-1.123750805854797363e+00
-2.683522224426269531e+00
-5.763546228408813477e-01
-4.186837971210479736e-01
-1.496553272008895874e-01
6.065440177917480469e-01
5.920878052711486816e-01
8.958758711814880371e-01
7.093656063079833984e-01
9.014499783515930176e-01
-1.222046256065368652e+00
-3.112847089767456055e+00
-9.794250130653381348e-01
-4.237478971481323242e-01
-1.590132266283035278e-01
5.478866100311279297e-01
3.930551111698150635e-01
5.491830706596374512e-01
3.785373270511627197e-01
1.406326889991760254e+00
-1.236745834350585938e+00
-3.039727687835693359e+00
-9.850447773933410645e-01
-4.746765196323394775e-01
-2.729088664054870605e-01
5.762409567832946777e-01
5.069611668586730957e-01
5.268403291702270508e-01
1.905174255371093750e-01
1.134229063987731934e+00
-1.397310733795166016e+00
-3.017233610153198242e+00
-8.140394687652587891e-01
-3.751165270805358887e-01
-9.815032780170440674e-02
6.691427826881408691e-01
6.665937900543212891e-01
6.926631331443786621e-01
6.132866814732551575e-02
9.157233238220214844e-01
-1.813391089439392090e+00
-3.023985147476196289e+00
-7.698433995246887207e-01
-4.189848899841308594e-01
-1.048642694950103760e-01
6.719859838485717773e-01
6.719859838485717773e-01
7.390444874763488770e-01
5.229461789131164551e-01
1.450744748115539551e+00
-1.435348510742187500e+00
-2.094270706176757812e+00
-3.902877867221832275e-01
-1.186104640364646912e-01
-5.892396345734596252e-02
