-1.249512210488319397e-01
-1.249512210488319397e-01
-1.249512210488319397e-01
-1.249512210488319397e-01
-1.249512210488319397e-01
-1.249512210488319397e-01
-1.249512210488319397e-01
-1.249512210488319397e-01
-1.249512210488319397e-01
-1.249512210488319397e-01
-1.249512210488319397e-01
-1.231952235102653503e-01
-1.012320145964622498e-01
-3.724752739071846008e-02
-7.650343701243400574e-03
-5.856945365667343140e-02
-2.564482092857360840e-01
-7.068439126014709473e-01
-1.124042391777038574e+00
-1.192416667938232422e+00
-1.082306385040283203e+00
-7.437347173690795898e-01
-2.483528703451156616e-01
-1.249512210488319397e-01
-1.249512210488319397e-01
-1.249512210488319397e-01
-1.249512210488319397e-01
-1.249512210488319397e-01
-1.249512210488319397e-01
-1.249512210488319397e-01
-1.249512210488319397e-01
-1.249512210488319397e-01
-1.249512210488319397e-01
-1.249512210488319397e-01
-1.249512210488319397e-01
-1.249512210488319397e-01
-1.249512210488319397e-01
-1.073912307620048523e-01
-6.687114387750625610e-02
-3.931511938571929932e-02
-8.739294111728668213e-02
-2.789386212825775146e-01
-6.498084068298339844e-01
-8.700451850891113281e-01
-9.922792911529541016e-01
-1.620195984840393066e+00
-2.188348054885864258e+00
-2.330212593078613281e+00
-2.344669818878173828e+00
-1.731441617012023926e+00
-4.913763105869293213e-01
-1.249512210488319397e-01
-1.249512210488319397e-01
-1.249512210488319397e-01
-1.249512210488319397e-01
-1.249512210488319397e-01
-1.249512210488319397e-01
-1.249512210488319397e-01
-1.249512210488319397e-01
-1.249512210488319397e-01
-1.249512210488319397e-01
-1.249512210488319397e-01
-1.249512210488319397e-01
-1.249512210488319397e-01
-1.196832209825515747e-01
-8.569479733705520630e-02
-5.661321431398391724e-02
-1.149632185697555542e-01
-2.184133082628250122e-01
-6.059294939041137695e-01
-1.324590444564819336e+00
-1.418116569519042969e+00
-6.164124608039855957e-01
-5.500665679574012756e-02
9.592171013355255127e-02
-4.053704738616943359e-01
-1.162716269493103027e+00
-1.315707802772521973e+00
-5.144384503364562988e-01
-1.249512210488319397e-01
-1.249512210488319397e-01
-1.249512210488319397e-01
-1.249512210488319397e-01
-1.249512210488319397e-01
-1.249512210488319397e-01
-1.249512210488319397e-01
-1.249512210488319397e-01
-1.249512210488319397e-01
-1.249512210488319397e-01
-1.249512210488319397e-01
-1.249512210488319397e-01
-1.249512210488319397e-01
-9.641639143228530884e-02
-8.076456189155578613e-02
-1.810517162084579468e-01
-2.960719168186187744e-01
1.774586290121078491e-01
6.258012652397155762e-01
4.243085086345672607e-01
7.766311764717102051e-01
1.797927856445312500e+00
2.973357439041137695e+00
3.489452362060546875e+00
2.856185197830200195e+00
1.787328720092773438e+00
5.811667442321777344e-01
-1.094788014888763428e-01
-1.249512210488319397e-01
-1.249512210488319397e-01
-1.249512210488319397e-01
-1.249512210488319397e-01
-1.249512210488319397e-01
-1.249512210488319397e-01
-1.249512210488319397e-01
-1.249512210488319397e-01
-1.249512210488319397e-01
-1.249512210488319397e-01
-1.249512210488319397e-01
-1.249512210488319397e-01
-1.249512210488319397e-01
-4.131183400750160217e-02
-4.012693837285041809e-02
-1.710705272853374481e-02
8.623302578926086426e-01
1.707375764846801758e+00
2.225214242935180664e+00
2.430894374847412109e+00
2.363454818725585938e+00
2.755561828613281250e+00
3.195468902587890625e+00
2.955096244812011719e+00
2.603487730026245117e+00
2.070132255554199219e+00
9.390168190002441406e-01
5.708581954240798950e-02
-1.249512210488319397e-01
-1.249512210488319397e-01
-1.249512210488319397e-01
-1.249512210488319397e-01
-1.249512210488319397e-01
-1.249512210488319397e-01
-1.249512210488319397e-01
-1.249512210488319397e-01
-1.249512210488319397e-01
-1.249512210488319397e-01
-1.249512210488319397e-01
-1.249512210488319397e-01
-5.822323635220527649e-02
-1.190519779920578003e-01
-1.417422294616699219e-01
6.542680263519287109e-01
1.594275832176208496e+00
1.735655307769775391e+00
2.000762462615966797e+00
2.283853769302368164e+00
1.772204518318176270e+00
8.386512994766235352e-01
-1.727524548768997192e-01
-6.192410588264465332e-01
-2.599170506000518799e-01
-8.751166053116321564e-03
-2.089270353317260742e-01
-1.480640769004821777e-01
-1.249512210488319397e-01
-1.249512210488319397e-01
-1.249512210488319397e-01
-1.249512210488319397e-01
-1.249512210488319397e-01
-1.249512210488319397e-01
-1.249512210488319397e-01
-1.249512210488319397e-01
-1.249512210488319397e-01
-1.249512210488319397e-01
-1.249512210488319397e-01
-1.249512210488319397e-01
-1.878765523433685303e-01
-1.366052925586700439e-01
5.369505286216735840e-01
1.677078604698181152e+00
2.015118360519409180e+00
1.323475241661071777e+00
-3.776778578758239746e-01
-1.394968509674072266e+00
-1.267977356910705566e+00
-1.828022003173828125e+00
-2.214383363723754883e+00
-1.684589147567749023e+00
-1.093409180641174316e+00
-8.646794557571411133e-01
-6.087284088134765625e-01
-2.768269181251525879e-01
-1.249512210488319397e-01
-1.249512210488319397e-01
-1.249512210488319397e-01
-1.249512210488319397e-01
-1.249512210488319397e-01
-1.249512210488319397e-01
-1.249512210488319397e-01
-1.249512210488319397e-01
-1.249512210488319397e-01
-1.249512210488319397e-01
-1.249512210488319397e-01
-1.249512210488319397e-01
-1.181792467832565308e-01
3.891278207302093506e-01
1.054473400115966797e+00
1.325948238372802734e+00
1.639793992042541504e+00
5.296944379806518555e-01
-1.878278136253356934e+00
-3.181529998779296875e+00
-1.917980432510375977e+00
-1.708276510238647461e+00
-1.864352464675903320e+00
-1.551452875137329102e+00
-1.353237867355346680e+00
-1.285169959068298340e+00
-6.786403059959411621e-01
-1.249512210488319397e-01
-1.249512210488319397e-01
-1.249512210488319397e-01
-1.249512210488319397e-01
-1.249512210488319397e-01
-1.249512210488319397e-01
-1.249512210488319397e-01
-1.249512210488319397e-01
-1.249512210488319397e-01
-1.249512210488319397e-01
-1.249512210488319397e-01
-1.249512210488319397e-01
-1.249512210488319397e-01
6.101966276764869690e-02
4.573825597763061523e-01
4.280767440795898438e-01
7.544036954641342163e-02
7.804105281829833984e-01
8.429631590843200684e-01
-1.180361509323120117e+00
-2.769146442413330078e+00
-2.282818794250488281e+00
-1.144082307815551758e+00
-8.119204044342041016e-01
-1.007961034774780273e+00
-1.488140225410461426e+00
-1.948295354843139648e+00
-1.332790017127990723e+00
-1.249512210488319397e-01
-1.249512210488319397e-01
-1.249512210488319397e-01
-1.249512210488319397e-01
-1.249512210488319397e-01
-1.249512210488319397e-01
-1.249512210488319397e-01
-1.249512210488319397e-01
-1.249512210488319397e-01
-1.249512210488319397e-01
-1.249512210488319397e-01
-1.249512210488319397e-01
-1.249512210488319397e-01
-1.089646108448505402e-02
9.607405215501785278e-02
-3.941359817981719971e-01
-8.811054229736328125e-01
1.875079572200775146e-01
1.670245766639709473e+00
8.058956861495971680e-01
-1.915164589881896973e+00
-2.568477153778076172e+00
-7.354423403739929199e-01
-1.852621696889400482e-02
-6.983948498964309692e-02
-5.741361379623413086e-01
-1.165107965469360352e+00
-1.020395994186401367e+00
-1.249512210488319397e-01
-1.249512210488319397e-01
-1.249512210488319397e-01
-1.249512210488319397e-01
-1.249512210488319397e-01
-1.249512210488319397e-01
-1.249512210488319397e-01
-1.249512210488319397e-01
-1.249512210488319397e-01
-1.249512210488319397e-01
-1.249512210488319397e-01
-1.249512210488319397e-01
-1.249512210488319397e-01
-1.270587444305419922e-01
-5.711848661303520203e-02
-3.940242826938629150e-01
-1.013371706008911133e+00
-1.139330789446830750e-01
2.266662597656250000e+00
2.250747919082641602e+00
-5.997052788734436035e-01
-1.639431476593017578e+00
-8.469329774379730225e-02
8.825693130493164062e-01
9.920848608016967773e-01
1.052644491195678711e+00
8.389742374420166016e-01
1.580404937267303467e-01
-1.249512210488319397e-01
-1.249512210488319397e-01
-1.249512210488319397e-01
-1.249512210488319397e-01
-1.249512210488319397e-01
-1.249512210488319397e-01
-1.249512210488319397e-01
-1.249512210488319397e-01
-1.249512210488319397e-01
-1.249512210488319397e-01
-1.249512210488319397e-01
-1.249512210488319397e-01
-1.249512210488319397e-01
-1.437566578388214111e-01
9.008137881755828857e-02
2.624540030956268311e-02
-9.054749011993408203e-01
-2.630994319915771484e-01
2.236946582794189453e+00
3.589707612991333008e+00
2.221193790435791016e+00
8.323292732238769531e-01
6.879479885101318359e-01
7.465102672576904297e-01
6.515144109725952148e-01
1.275100231170654297e+00
1.282128334045410156e+00
2.534117698669433594e-01
-1.249512210488319397e-01
-1.249512210488319397e-01
-1.249512210488319397e-01
-1.249512210488319397e-01
-1.249512210488319397e-01
-1.249512210488319397e-01
-1.249512210488319397e-01
-1.249512210488319397e-01
-1.249512210488319397e-01
-1.249512210488319397e-01
-1.249512210488319397e-01
-1.249512210488319397e-01
-1.249512210488319397e-01
-1.249512210488319397e-01
1.135246679186820984e-01
1.678787358105182648e-02
-1.065167188644409180e+00
-8.033265471458435059e-01
1.435692429542541504e+00
4.369686603546142578e+00
4.491858959197998047e+00
2.133836507797241211e+00
6.916994452476501465e-01
-5.813986063003540039e-01
-4.000216722488403320e-01
3.457451760768890381e-01
2.630878686904907227e-01
-3.322694897651672363e-01
-1.249512210488319397e-01
-1.249512210488319397e-01
-1.249512210488319397e-01
-1.249512210488319397e-01
-1.249512210488319397e-01
-1.249512210488319397e-01
-1.249512210488319397e-01
-1.249512210488319397e-01
-1.249512210488319397e-01
-1.249512210488319397e-01
-1.249512210488319397e-01
-1.249512210488319397e-01
-1.249512210488319397e-01
-1.249512210488319397e-01
-5.823960155248641968e-02
-1.454373151063919067e-01
-8.321842551231384277e-01
-1.585932731628417969e+00
-4.011361300945281982e-01
2.175659894943237305e+00
2.959954977035522461e+00
9.533041119575500488e-01
-4.287310838699340820e-01
-1.817898511886596680e+00
-1.216906785964965820e+00
-6.005757451057434082e-01
-4.897094666957855225e-01
-4.471117854118347168e-01
-1.249512210488319397e-01
-1.249512210488319397e-01
-1.249512210488319397e-01
-1.249512210488319397e-01
-1.249512210488319397e-01
-1.249512210488319397e-01
-1.249512210488319397e-01
-1.249512210488319397e-01
-1.249512210488319397e-01
-1.249512210488319397e-01
-1.249512210488319397e-01
-1.249512210488319397e-01
-1.249512210488319397e-01
-1.249512210488319397e-01
-1.239994019269943237e-01
-2.156570106744766235e-01
-7.645216584205627441e-01
-1.585389256477355957e+00
-1.308579921722412109e+00
-1.342507153749465942e-01
1.262106597423553467e-01
-5.352516770362854004e-01
-9.710042476654052734e-01
-1.893479228019714355e+00
-2.032140970230102539e+00
-1.261946320533752441e+00
-4.955657720565795898e-01
-1.249512210488319397e-01
-1.249512210488319397e-01
-1.249512210488319397e-01
-1.249512210488319397e-01
-1.249512210488319397e-01
-1.249512210488319397e-01
-1.249512210488319397e-01
-1.249512210488319397e-01
-1.249512210488319397e-01
-1.249512210488319397e-01
-1.249512210488319397e-01
-1.249512210488319397e-01
-1.249512210488319397e-01
-1.249512210488319397e-01
-1.249512210488319397e-01
-1.066407114267349243e-01
-1.312379539012908936e-01
-1.270724534988403320e-01
5.906705930829048157e-02
-4.179237186908721924e-01
-3.661253750324249268e-01
-5.878023505210876465e-01
7.328718155622482300e-02
7.508162856101989746e-01
-6.840927004814147949e-01
-2.283168554306030273e+00
-1.649651050567626953e+00
-4.052303433418273926e-01
-1.249512210488319397e-01
-1.249512210488319397e-01
-1.249512210488319397e-01
-1.249512210488319397e-01
-1.249512210488319397e-01
-1.249512210488319397e-01
-1.249512210488319397e-01
-1.249512210488319397e-01
-1.249512210488319397e-01
-1.249512210488319397e-01
-1.249512210488319397e-01
-1.249512210488319397e-01
-1.249512210488319397e-01
-1.249512210488319397e-01
-1.249512210488319397e-01
-7.388373464345932007e-02
1.259554475545883179e-01
6.962798237800598145e-01
1.220742821693420410e+00
8.686729073524475098e-01
3.371645808219909668e-01
1.889650076627731323e-01
1.291781902313232422e+00
2.759304761886596680e+00
7.624438405036926270e-01
-1.486306667327880859e+00
-1.793331861495971680e+00
-7.445188164710998535e-01
-1.249512210488319397e-01
-1.249512210488319397e-01
-1.249512210488319397e-01
-1.249512210488319397e-01
-1.249512210488319397e-01
-1.249512210488319397e-01
-1.249512210488319397e-01
-1.249512210488319397e-01
-1.249512210488319397e-01
-1.249512210488319397e-01
-1.249512210488319397e-01
-1.249512210488319397e-01
-1.249512210488319397e-01
-1.249512210488319397e-01
-1.249512210488319397e-01
1.563613675534725189e-02
3.231689035892486572e-01
8.505370616912841797e-01
1.308247566223144531e+00
9.815662503242492676e-01
-1.548884212970733643e-01
-5.461748838424682617e-01
1.418473124504089355e+00
3.289067268371582031e+00
1.857300400733947754e+00
-2.942852079868316650e-01
-1.695512771606445312e+00
-1.090227127075195312e+00
-1.249512210488319397e-01
-1.249512210488319397e-01
-1.249512210488319397e-01
-1.249512210488319397e-01
-1.249512210488319397e-01
-1.249512210488319397e-01
-1.249512210488319397e-01
-1.249512210488319397e-01
-1.249512210488319397e-01
-1.249512210488319397e-01
-1.249512210488319397e-01
-1.249512210488319397e-01
-1.249512210488319397e-01
-1.249512210488319397e-01
-1.249512210488319397e-01
1.166917309165000916e-01
3.950962722301483154e-01
4.762698411941528320e-01
9.133484363555908203e-01
5.915685892105102539e-01
-9.124367237091064453e-01
-2.102428436279296875e+00
-4.012596234679222107e-02
2.444732189178466797e+00
2.309776782989501953e+00
6.077849864959716797e-01
-1.368274688720703125e+00
-1.212923169136047363e+00
-1.249512210488319397e-01
-1.249512210488319397e-01
-1.249512210488319397e-01
-1.249512210488319397e-01
-1.249512210488319397e-01
-1.249512210488319397e-01
-1.249512210488319397e-01
-1.249512210488319397e-01
-1.249512210488319397e-01
-1.249512210488319397e-01
-1.249512210488319397e-01
-1.249512210488319397e-01
-1.249512210488319397e-01
-1.249512210488319397e-01
-1.249512210488319397e-01
1.817038357257843018e-01
3.430158197879791260e-01
-1.143229454755783081e-01
2.350094020366668701e-01
7.884230613708496094e-01
-4.676759243011474609e-01
-2.926687002182006836e+00
-1.838947176933288574e+00
1.140343427658081055e+00
1.737709999084472656e+00
9.081724882125854492e-01
-8.786500692367553711e-01
-1.115440011024475098e+00
-1.249512210488319397e-01
-1.249512210488319397e-01
-1.249512210488319397e-01
-1.249512210488319397e-01
-1.249512210488319397e-01
-1.249512210488319397e-01
-1.249512210488319397e-01
-1.249512210488319397e-01
-1.249512210488319397e-01
-1.249512210488319397e-01
-1.249512210488319397e-01
-1.249512210488319397e-01
-1.249512210488319397e-01
-1.249512210488319397e-01
-1.249512210488319397e-01
1.217140182852745056e-01
1.683074533939361572e-01
-4.506223797798156738e-01
1.261580884456634521e-01
1.815507888793945312e+00
8.307731747627258301e-01
-3.028743267059326172e+00
-3.298094987869262695e+00
-3.579643666744232178e-01
6.151329874992370605e-01
7.665244936943054199e-01
-2.376036942005157471e-01
-7.885552644729614258e-01
-1.249512210488319397e-01
-1.249512210488319397e-01
-1.249512210488319397e-01
-1.249512210488319397e-01
-1.249512210488319397e-01
-1.249512210488319397e-01
-1.249512210488319397e-01
-1.249512210488319397e-01
-1.249512210488319397e-01
-1.249512210488319397e-01
-1.249512210488319397e-01
-1.249512210488319397e-01
-1.249512210488319397e-01
-1.249512210488319397e-01
-1.249512210488319397e-01
2.378531992435455322e-01
3.481654524803161621e-01
-7.832616567611694336e-01
-7.557924985885620117e-01
1.796409249305725098e+00
2.564554929733276367e+00
-1.191712141036987305e+00
-2.636750459671020508e+00
-8.694083690643310547e-01
1.805801689624786377e-02
9.210267663002014160e-01
6.816393136978149414e-01
-2.264069020748138428e-01
-1.249512210488319397e-01
-1.249512210488319397e-01
-1.249512210488319397e-01
-1.249512210488319397e-01
-1.249512210488319397e-01
-1.249512210488319397e-01
-1.249512210488319397e-01
-1.249512210488319397e-01
-1.249512210488319397e-01
-1.249512210488319397e-01
-1.249512210488319397e-01
-1.249512210488319397e-01
-1.249512210488319397e-01
-1.249512210488319397e-01
-1.249512210488319397e-01
5.636723339557647705e-02
-1.875436156988143921e-01
-1.309545755386352539e+00
-8.667305111885070801e-01
2.409405946731567383e+00
4.543251991271972656e+00
2.010790824890136719e+00
-3.455268144607543945e-01
-3.268831372261047363e-01
-1.241411268711090088e-01
8.290218114852905273e-01
8.681443929672241211e-01
-1.696041040122509003e-02
-1.249512210488319397e-01
-1.249512210488319397e-01
-1.249512210488319397e-01
-1.249512210488319397e-01
-1.249512210488319397e-01
-1.249512210488319397e-01
-1.249512210488319397e-01
-1.249512210488319397e-01
-1.249512210488319397e-01
-1.249512210488319397e-01
-1.249512210488319397e-01
-1.249512210488319397e-01
-1.249512210488319397e-01
-1.249512210488319397e-01
-1.249512210488319397e-01
-4.175495728850364685e-02
-4.259288683533668518e-02
-5.899239778518676758e-01
-7.213938832283020020e-01
1.380565762519836426e+00
4.489613056182861328e+00
4.143709659576416016e+00
1.729442358016967773e+00
3.189835250377655029e-01
-1.970350295305252075e-01
2.702424526214599609e-01
1.711692065000534058e-01
-2.611469924449920654e-01
-1.249512210488319397e-01
-1.249512210488319397e-01
-1.249512210488319397e-01
-1.249512210488319397e-01
-1.249512210488319397e-01
-1.249512210488319397e-01
-1.249512210488319397e-01
-1.249512210488319397e-01
-1.249512210488319397e-01
-1.249512210488319397e-01
-1.249512210488319397e-01
-1.249512210488319397e-01
-1.249512210488319397e-01
-1.249512210488319397e-01
-1.249512210488319397e-01
-2.540765516459941864e-02
4.511331394314765930e-02
-4.053370058536529541e-01
-1.147114515304565430e+00
-1.677241921424865723e-01
2.203204154968261719e+00
2.508827447891235352e+00
1.270111083984375000e+00
6.547768115997314453e-01
1.874001026153564453e-01
-2.385367900133132935e-01
-4.912573695182800293e-01
-4.103364348411560059e-01
-1.249512210488319397e-01
-1.249512210488319397e-01
-1.249512210488319397e-01
-1.249512210488319397e-01
-1.249512210488319397e-01
-1.249512210488319397e-01
-1.249512210488319397e-01
-1.249512210488319397e-01
-1.249512210488319397e-01
-1.249512210488319397e-01
-1.249512210488319397e-01
-1.249512210488319397e-01
-1.249512210488319397e-01
-1.249512210488319397e-01
-1.249512210488319397e-01
-1.359138935804367065e-01
-2.224976271390914917e-01
-7.010329365730285645e-01
-1.641755223274230957e+00
-2.239510297775268555e+00
-1.932968378067016602e+00
-1.560633063316345215e+00
-8.024578690528869629e-01
-7.981662452220916748e-02
-7.804201543331146240e-02
-3.171624839305877686e-01
-3.435138761997222900e-01
-1.893833428621292114e-01
-1.249512210488319397e-01
-1.249512210488319397e-01
-1.249512210488319397e-01
-1.249512210488319397e-01
-1.249512210488319397e-01
-1.249512210488319397e-01
-1.249512210488319397e-01
-1.249512210488319397e-01
-1.249512210488319397e-01
-1.249512210488319397e-01
-1.249512210488319397e-01
-1.249512210488319397e-01
-1.249512210488319397e-01
-1.249512210488319397e-01
-1.249512210488319397e-01
-1.397269219160079956e-01
-2.040270864963531494e-01
-5.231525897979736328e-01
-1.390657544136047363e+00
-2.579387903213500977e+00
-3.307046651840209961e+00
-3.179073572158813477e+00
-2.258000612258911133e+00
-1.298994421958923340e+00
-7.255873680114746094e-01
-4.141298234462738037e-01
-2.216209024190902710e-01
-1.249512210488319397e-01
-1.249512210488319397e-01
-1.249512210488319397e-01
-1.249512210488319397e-01
-1.249512210488319397e-01
-1.249512210488319397e-01
-1.249512210488319397e-01
-1.249512210488319397e-01
-1.249512210488319397e-01
-1.249512210488319397e-01
-1.249512210488319397e-01
-1.249512210488319397e-01
-1.249512210488319397e-01
-1.249512210488319397e-01
-1.249512210488319397e-01
-1.249512210488319397e-01
-1.249512210488319397e-01
-1.437566578388214111e-01
-2.489210516214370728e-01
-5.476856827735900879e-01
-9.867678880691528320e-01
-1.325029134750366211e+00
-1.386581897735595703e+00
-1.177532672882080078e+00
-8.456877470016479492e-01
-5.121223330497741699e-01
-2.703839540481567383e-01
-1.571672856807708740e-01
-1.249512210488319397e-01
-1.249512210488319397e-01
-1.249512210488319397e-01
-1.249512210488319397e-01
-1.249512210488319397e-01
-1.249512210488319397e-01
-1.249512210488319397e-01
-1.249512210488319397e-01
