-1.476508677005767822e-01
-1.476508677005767822e-01
-1.476508677005767822e-01
-1.476508677005767822e-01
-1.476508677005767822e-01
-1.476508677005767822e-01
-1.476508677005767822e-01
-1.476508677005767822e-01
-1.476508677005767822e-01
-1.476508677005767822e-01
-1.476508677005767822e-01
-1.504510343074798584e-01
-1.811124980449676514e-01
-2.227276265621185303e-01
-3.345577046275138855e-02
3.789771199226379395e-01
7.358965277671813965e-01
8.588944673538208008e-01
7.585678100585937500e-01
2.708749175071716309e-01
-1.589427888393402100e-01
-3.230676352977752686e-01
-1.943440437316894531e-01
-1.476508677005767822e-01
-1.476508677005767822e-01
-1.476508677005767822e-01
-1.476508677005767822e-01
-1.476508677005767822e-01
-1.476508677005767822e-01
-1.476508677005767822e-01
-1.476508677005767822e-01
-1.476508677005767822e-01
-1.476508677005767822e-01
-1.476508677005767822e-01
-1.476508677005767822e-01
-1.476508677005767822e-01
-1.476508677005767822e-01
-1.756523251533508301e-01
-1.966525316238403320e-01
-8.900494128465652466e-02
1.480496972799301147e-01
3.246385157108306885e-01
9.836933612823486328e-01
1.841855168342590332e+00
2.194779872894287109e+00
1.918135523796081543e+00
1.218034744262695312e+00
-3.958298563957214355e-01
-1.262297272682189941e+00
-9.852076172828674316e-01
-3.318938016891479492e-01
-1.476508677005767822e-01
-1.476508677005767822e-01
-1.476508677005767822e-01
-1.476508677005767822e-01
-1.476508677005767822e-01
-1.476508677005767822e-01
-1.476508677005767822e-01
-1.476508677005767822e-01
-1.476508677005767822e-01
-1.476508677005767822e-01
-1.476508677005767822e-01
-1.476508677005767822e-01
-1.476508677005767822e-01
-1.560513228178024292e-01
-2.742375433444976807e-01
-2.850025296211242676e-01
4.027832746505737305e-01
1.581446290016174316e+00
2.163139820098876953e+00
2.328585386276245117e+00
1.883904576301574707e+00
8.969817757606506348e-01
-6.250103563070297241e-02
-1.123666048049926758e+00
-2.600368022918701172e+00
-2.343012571334838867e+00
-8.362516760826110840e-01
-2.694396078586578369e-01
-1.476508677005767822e-01
-1.476508677005767822e-01
-1.476508677005767822e-01
-1.476508677005767822e-01
-1.476508677005767822e-01
-1.476508677005767822e-01
-1.476508677005767822e-01
-1.476508677005767822e-01
-1.476508677005767822e-01
-1.476508677005767822e-01
-1.476508677005767822e-01
-1.476508677005767822e-01
-1.476508677005767822e-01
-2.162745445966720581e-01
-3.719168901443481445e-01
1.246674358844757080e-02
1.787144184112548828e+00
2.825888156890869141e+00
1.918501257896423340e+00
3.489831984043121338e-01
-1.038037776947021484e+00
-2.283361196517944336e+00
-2.670452356338500977e+00
-2.933862209320068359e+00
-2.894368648529052734e+00
-1.079322576522827148e+00
7.055987715721130371e-01
1.559587568044662476e-01
-1.476508677005767822e-01
-1.476508677005767822e-01
-1.476508677005767822e-01
-1.476508677005767822e-01
-1.476508677005767822e-01
-1.476508677005767822e-01
-1.476508677005767822e-01
-1.476508677005767822e-01
-1.476508677005767822e-01
-1.476508677005767822e-01
-1.476508677005767822e-01
-1.476508677005767822e-01
-1.476508677005767822e-01
-4.320078492164611816e-01
-2.905130088329315186e-01
1.185721039772033691e+00
3.007328271865844727e+00
1.999204277992248535e+00
-1.450949192047119141e+00
-3.213691473007202148e+00
-3.441633939743041992e+00
-3.259765863418579102e+00
-2.218937873840332031e+00
-1.213515520095825195e+00
-2.553799450397491455e-01
1.089972019195556641e+00
1.670612692832946777e+00
4.581178426742553711e-01
-1.476508677005767822e-01
-1.476508677005767822e-01
-1.476508677005767822e-01
-1.476508677005767822e-01
-1.476508677005767822e-01
-1.476508677005767822e-01
-1.476508677005767822e-01
-1.476508677005767822e-01
-1.476508677005767822e-01
-1.476508677005767822e-01
-1.476508677005767822e-01
-1.476508677005767822e-01
-2.540563941001892090e-01
-5.118234753608703613e-01
3.245787918567657471e-01
2.268165826797485352e+00
2.168805837631225586e+00
-8.207153677940368652e-01
-4.053009510040283203e+00
-4.508234024047851562e+00
-2.970340967178344727e+00
-8.163793683052062988e-01
9.016904234886169434e-01
1.534914135932922363e+00
1.793903589248657227e+00
1.335850715637207031e+00
8.252921700477600098e-01
1.987201869487762451e-01
-1.476508677005767822e-01
-1.476508677005767822e-01
-1.476508677005767822e-01
-1.476508677005767822e-01
-1.476508677005767822e-01
-1.476508677005767822e-01
-1.476508677005767822e-01
-1.476508677005767822e-01
-1.476508677005767822e-01
-1.476508677005767822e-01
-1.476508677005767822e-01
-1.476508677005767822e-01
-3.401823341846466064e-01
-3.280639946460723877e-01
6.332951188087463379e-01
1.480955958366394043e+00
4.811107218265533447e-01
-3.050434827804565430e+00
-4.336743831634521484e+00
-2.191778659820556641e+00
8.757364749908447266e-01
2.044167518615722656e+00
1.919402837753295898e+00
1.030212283134460449e+00
7.254674434661865234e-01
4.648500084877014160e-01
5.978691205382347107e-02
-2.899516001343727112e-02
-1.476508677005767822e-01
-1.476508677005767822e-01
-1.476508677005767822e-01
-1.476508677005767822e-01
-1.476508677005767822e-01
-1.476508677005767822e-01
-1.476508677005767822e-01
-1.476508677005767822e-01
-1.476508677005767822e-01
-1.476508677005767822e-01
-1.476508677005767822e-01
-1.476508677005767822e-01
-2.083459496498107910e-01
-7.173804640769958496e-01
-3.220078647136688232e-01
8.154813051223754883e-01
7.432000711560249329e-03
-2.142212152481079102e+00
-1.858126401901245117e+00
3.691356778144836426e-01
1.396279335021972656e+00
1.442895531654357910e+00
1.468086242675781250e+00
1.069146275520324707e+00
3.267007172107696533e-01
1.648553833365440369e-02
-3.411466181278228760e-01
-1.476508677005767822e-01
-1.476508677005767822e-01
-1.476508677005767822e-01
-1.476508677005767822e-01
-1.476508677005767822e-01
-1.476508677005767822e-01
-1.476508677005767822e-01
-1.476508677005767822e-01
-1.476508677005767822e-01
-1.476508677005767822e-01
-1.476508677005767822e-01
-1.476508677005767822e-01
-1.476508677005767822e-01
-3.432343602180480957e-01
-1.202725172042846680e+00
-8.293111920356750488e-01
1.293552756309509277e+00
1.109829664230346680e+00
-1.255053281784057617e+00
-6.267217993736267090e-01
8.009342551231384277e-01
6.552489399909973145e-01
1.817978620529174805e+00
2.381968021392822266e+00
1.618635296821594238e+00
-6.373243331909179688e-01
-1.334197282791137695e+00
-8.041494488716125488e-01
-1.476508677005767822e-01
-1.476508677005767822e-01
-1.476508677005767822e-01
-1.476508677005767822e-01
-1.476508677005767822e-01
-1.476508677005767822e-01
-1.476508677005767822e-01
-1.476508677005767822e-01
-1.476508677005767822e-01
-1.476508677005767822e-01
-1.476508677005767822e-01
-1.476508677005767822e-01
-1.476508677005767822e-01
-4.543130695819854736e-01
-1.433874130249023438e+00
-6.869848370552062988e-01
1.771846294403076172e+00
1.751564145088195801e+00
-5.286524295806884766e-01
-9.074195623397827148e-01
1.235500216484069824e+00
1.705505371093750000e+00
2.769926309585571289e+00
1.805086612701416016e+00
-7.960128784179687500e-01
-2.921827077865600586e+00
-1.858686566352844238e+00
-2.284875959157943726e-01
-1.476508677005767822e-01
-1.476508677005767822e-01
-1.476508677005767822e-01
-1.476508677005767822e-01
-1.476508677005767822e-01
-1.476508677005767822e-01
-1.476508677005767822e-01
-1.476508677005767822e-01
-1.476508677005767822e-01
-1.476508677005767822e-01
-1.476508677005767822e-01
-1.476508677005767822e-01
-1.476508677005767822e-01
-3.384783864021301270e-01
-1.268631339073181152e+00
-8.176505565643310547e-01
1.292043447494506836e+00
1.456976890563964844e+00
-2.818488180637359619e-01
-5.039963722229003906e-01
2.037729501724243164e+00
2.935405731201171875e+00
1.435645222663879395e+00
-1.283583045005798340e+00
-3.533031702041625977e+00
-3.434092521667480469e+00
-5.355557799339294434e-01
1.045238137245178223e+00
-1.476508677005767822e-01
-1.476508677005767822e-01
-1.476508677005767822e-01
-1.476508677005767822e-01
-1.476508677005767822e-01
-1.476508677005767822e-01
-1.476508677005767822e-01
-1.476508677005767822e-01
-1.476508677005767822e-01
-1.476508677005767822e-01
-1.476508677005767822e-01
-1.476508677005767822e-01
-1.476508677005767822e-01
-1.883228421211242676e-01
-1.005346894264221191e+00
-1.230942368507385254e+00
2.804504930973052979e-01
9.402932524681091309e-01
2.901136577129364014e-01
7.567759603261947632e-02
1.788103699684143066e+00
1.893293023109436035e+00
-1.827601075172424316e+00
-3.853004217147827148e+00
-3.091634035110473633e+00
-1.091686964035034180e+00
1.159896492958068848e+00
1.485570192337036133e+00
-1.476508677005767822e-01
-1.476508677005767822e-01
-1.476508677005767822e-01
-1.476508677005767822e-01
-1.476508677005767822e-01
-1.476508677005767822e-01
-1.476508677005767822e-01
-1.476508677005767822e-01
-1.476508677005767822e-01
-1.476508677005767822e-01
-1.476508677005767822e-01
-1.476508677005767822e-01
-1.476508677005767822e-01
-1.476508677005767822e-01
-8.465236425399780273e-01
-1.421710729598999023e+00
-3.017224371433258057e-01
4.815743565559387207e-01
9.939074516296386719e-01
4.881393909454345703e-02
5.507293343544006348e-01
2.024081647396087646e-01
-2.690187215805053711e+00
-3.164183616638183594e+00
-4.376192688941955566e-01
1.380333423614501953e+00
1.348090767860412598e+00
7.107434272766113281e-01
-1.476508677005767822e-01
-1.476508677005767822e-01
-1.476508677005767822e-01
-1.476508677005767822e-01
-1.476508677005767822e-01
-1.476508677005767822e-01
-1.476508677005767822e-01
-1.476508677005767822e-01
-1.476508677005767822e-01
-1.476508677005767822e-01
-1.476508677005767822e-01
-1.476508677005767822e-01
-1.476508677005767822e-01
-1.476508677005767822e-01
-6.383113265037536621e-01
-1.335895180702209473e+00
-7.638644576072692871e-01
7.625916600227355957e-01
1.769741177558898926e+00
4.496746659278869629e-01
1.773633360862731934e-01
-1.233680322766304016e-01
-1.586033821105957031e+00
-7.978040575981140137e-01
1.011495590209960938e+00
1.344590663909912109e+00
6.009349822998046875e-01
1.040430739521980286e-01
-1.476508677005767822e-01
-1.476508677005767822e-01
-1.476508677005767822e-01
-1.476508677005767822e-01
-1.476508677005767822e-01
-1.476508677005767822e-01
-1.476508677005767822e-01
-1.476508677005767822e-01
-1.476508677005767822e-01
-1.476508677005767822e-01
-1.476508677005767822e-01
-1.476508677005767822e-01
-1.476508677005767822e-01
-1.476508677005767822e-01
-4.131604731082916260e-01
-1.069919705390930176e+00
-7.970721721649169922e-01
1.861814618110656738e+00
2.484822750091552734e+00
-2.991072535514831543e-01
-7.478161454200744629e-01
4.382291734218597412e-01
-4.293529689311981201e-01
3.121177554130554199e-01
6.362468600273132324e-01
4.258139431476593018e-01
1.889851242303848267e-01
-1.476508677005767822e-01
-1.476508677005767822e-01
-1.476508677005767822e-01
-1.476508677005767822e-01
-1.476508677005767822e-01
-1.476508677005767822e-01
-1.476508677005767822e-01
-1.476508677005767822e-01
-1.476508677005767822e-01
-1.476508677005767822e-01
-1.476508677005767822e-01
-1.476508677005767822e-01
-1.476508677005767822e-01
-1.476508677005767822e-01
-1.476508677005767822e-01
-3.979270458221435547e-01
-5.489884614944458008e-01
1.666672378778457642e-01
1.776913523674011230e+00
1.383497476577758789e+00
-1.840703248977661133e+00
-1.162440180778503418e+00
8.916894197463989258e-01
8.086371421813964844e-02
1.668386459350585938e-01
6.307175010442733765e-02
-2.083684504032135010e-02
-2.181525975465774536e-01
-1.476508677005767822e-01
-1.476508677005767822e-01
-1.476508677005767822e-01
-1.476508677005767822e-01
-1.476508677005767822e-01
-1.476508677005767822e-01
-1.476508677005767822e-01
-1.476508677005767822e-01
-1.476508677005767822e-01
-1.476508677005767822e-01
-1.476508677005767822e-01
-1.476508677005767822e-01
-1.476508677005767822e-01
-1.476508677005767822e-01
-1.476508677005767822e-01
-5.130299329757690430e-01
-3.398463129997253418e-01
9.123806953430175781e-01
1.638378381729125977e+00
-5.869610309600830078e-01
-3.407257795333862305e+00
-1.048238277435302734e+00
1.871344685554504395e+00
5.542563199996948242e-01
-7.115909457206726074e-02
-3.501168638467788696e-02
-1.887082755565643311e-01
-4.063349962234497070e-01
-1.476508677005767822e-01
-1.476508677005767822e-01
-1.476508677005767822e-01
-1.476508677005767822e-01
-1.476508677005767822e-01
-1.476508677005767822e-01
-1.476508677005767822e-01
-1.476508677005767822e-01
-1.476508677005767822e-01
-1.476508677005767822e-01
-1.476508677005767822e-01
-1.476508677005767822e-01
-1.476508677005767822e-01
-1.476508677005767822e-01
-1.476508677005767822e-01
-6.969955563545227051e-01
-4.061601459980010986e-01
1.153219223022460938e+00
1.491164207458496094e+00
-2.159228324890136719e+00
-4.312857627868652344e+00
1.381526887416839600e-01
3.177776575088500977e+00
1.050350308418273926e+00
-3.135430812835693359e-01
-1.199044883251190186e-01
-1.413001418113708496e-01
-4.361516535282135010e-01
-1.476508677005767822e-01
-1.476508677005767822e-01
-1.476508677005767822e-01
-1.476508677005767822e-01
-1.476508677005767822e-01
-1.476508677005767822e-01
-1.476508677005767822e-01
-1.476508677005767822e-01
-1.476508677005767822e-01
-1.476508677005767822e-01
-1.476508677005767822e-01
-1.476508677005767822e-01
-1.476508677005767822e-01
-1.476508677005767822e-01
-1.476508677005767822e-01
-9.213188886642456055e-01
-5.867002010345458984e-01
1.382950305938720703e+00
1.251694798469543457e+00
-2.666526317596435547e+00
-3.871941328048706055e+00
1.395906686782836914e+00
3.434210777282714844e+00
1.187881350517272949e+00
-3.677438199520111084e-01
-6.254516243934631348e-01
-1.230058521032333374e-01
-1.363244205713272095e-01
-1.476508677005767822e-01
-1.476508677005767822e-01
-1.476508677005767822e-01
-1.476508677005767822e-01
-1.476508677005767822e-01
-1.476508677005767822e-01
-1.476508677005767822e-01
-1.476508677005767822e-01
-1.476508677005767822e-01
-1.476508677005767822e-01
-1.476508677005767822e-01
-1.476508677005767822e-01
-1.476508677005767822e-01
-1.476508677005767822e-01
-1.476508677005767822e-01
-1.113353133201599121e+00
-7.993394136428833008e-01
1.675687789916992188e+00
1.425959229469299316e+00
-2.570387601852416992e+00
-3.213294982910156250e+00
2.175461530685424805e+00
3.473151683807373047e+00
1.103027582168579102e+00
-4.856657385826110840e-01
-1.460100412368774414e+00
-1.144673526287078857e-01
4.247812032699584961e-01
-1.476508677005767822e-01
-1.476508677005767822e-01
-1.476508677005767822e-01
-1.476508677005767822e-01
-1.476508677005767822e-01
-1.476508677005767822e-01
-1.476508677005767822e-01
-1.476508677005767822e-01
-1.476508677005767822e-01
-1.476508677005767822e-01
-1.476508677005767822e-01
-1.476508677005767822e-01
-1.476508677005767822e-01
-1.476508677005767822e-01
-1.476508677005767822e-01
-1.104621171951293945e+00
-1.027324676513671875e+00
1.288730859756469727e+00
1.424394726753234863e+00
-2.058573007583618164e+00
-1.850014328956604004e+00
3.567839145660400391e+00
3.486603021621704102e+00
-5.974202975630760193e-02
-1.396561145782470703e+00
-2.322233438491821289e+00
-1.984618604183197021e-02
1.053651690483093262e+00
-1.476508677005767822e-01
-1.476508677005767822e-01
-1.476508677005767822e-01
-1.476508677005767822e-01
-1.476508677005767822e-01
-1.476508677005767822e-01
-1.476508677005767822e-01
-1.476508677005767822e-01
-1.476508677005767822e-01
-1.476508677005767822e-01
-1.476508677005767822e-01
-1.476508677005767822e-01
-1.476508677005767822e-01
-1.476508677005767822e-01
-1.476508677005767822e-01
-1.019714832305908203e+00
-1.340568542480468750e+00
6.220010519027709961e-01
1.912821054458618164e+00
-5.093204230070114136e-02
-4.940563738346099854e-01
3.026753425598144531e+00
1.533991694450378418e+00
-2.311275720596313477e+00
-2.699681043624877930e+00
-2.490494966506958008e+00
5.346098542213439941e-01
1.606615543365478516e+00
-1.476508677005767822e-01
-1.476508677005767822e-01
-1.476508677005767822e-01
-1.476508677005767822e-01
-1.476508677005767822e-01
-1.476508677005767822e-01
-1.476508677005767822e-01
-1.476508677005767822e-01
-1.476508677005767822e-01
-1.476508677005767822e-01
-1.476508677005767822e-01
-1.476508677005767822e-01
-1.476508677005767822e-01
-1.476508677005767822e-01
-1.476508677005767822e-01
-9.822390079498291016e-01
-1.386559844017028809e+00
6.033554673194885254e-01
2.182739973068237305e+00
-2.554806768894195557e-01
-1.677709579467773438e+00
1.332085132598876953e+00
-7.215990126132965088e-02
-3.619410276412963867e+00
-2.446055173873901367e+00
-7.069265246391296387e-01
1.518784761428833008e+00
1.629847288131713867e+00
-1.476508677005767822e-01
-1.476508677005767822e-01
-1.476508677005767822e-01
-1.476508677005767822e-01
-1.476508677005767822e-01
-1.476508677005767822e-01
-1.476508677005767822e-01
-1.476508677005767822e-01
-1.476508677005767822e-01
-1.476508677005767822e-01
-1.476508677005767822e-01
-1.476508677005767822e-01
-1.476508677005767822e-01
-1.476508677005767822e-01
-1.476508677005767822e-01
-6.025793552398681641e-01
-1.181887030601501465e+00
-4.848121106624603271e-01
5.556906461715698242e-01
-7.081578373908996582e-01
-2.123503446578979492e+00
-5.138217806816101074e-01
-1.405223608016967773e+00
-2.580693006515502930e+00
-9.439954161643981934e-02
1.152981638908386230e+00
1.363759517669677734e+00
8.718111515045166016e-01
-1.476508677005767822e-01
-1.476508677005767822e-01
-1.476508677005767822e-01
-1.476508677005767822e-01
-1.476508677005767822e-01
-1.476508677005767822e-01
-1.476508677005767822e-01
-1.476508677005767822e-01
-1.476508677005767822e-01
-1.476508677005767822e-01
-1.476508677005767822e-01
-1.476508677005767822e-01
-1.476508677005767822e-01
-1.476508677005767822e-01
-1.476508677005767822e-01
-4.593096971511840820e-01
-1.057433605194091797e+00
-1.040189981460571289e+00
-5.603820085525512695e-02
-7.248303890228271484e-01
-2.467895269393920898e+00
-1.586106538772583008e+00
-4.181955158710479736e-01
3.146117031574249268e-01
1.480810284614562988e+00
1.449910879135131836e+00
7.339754700660705566e-01
2.145962715148925781e-01
-1.476508677005767822e-01
-1.476508677005767822e-01
-1.476508677005767822e-01
-1.476508677005767822e-01
-1.476508677005767822e-01
-1.476508677005767822e-01
-1.476508677005767822e-01
-1.476508677005767822e-01
-1.476508677005767822e-01
-1.476508677005767822e-01
-1.476508677005767822e-01
-1.476508677005767822e-01
-1.476508677005767822e-01
-1.476508677005767822e-01
-1.476508677005767822e-01
-3.177152276039123535e-01
-8.094468712806701660e-01
-1.072163939476013184e+00
-5.489243268966674805e-01
-5.652645826339721680e-01
-1.151115894317626953e+00
-2.563709393143653870e-02
1.183907628059387207e+00
1.492270827293395996e+00
1.375411987304687500e+00
8.928284049034118652e-01
2.951396107673645020e-01
-9.731209278106689453e-02
-1.476508677005767822e-01
-1.476508677005767822e-01
-1.476508677005767822e-01
-1.476508677005767822e-01
-1.476508677005767822e-01
-1.476508677005767822e-01
-1.476508677005767822e-01
-1.476508677005767822e-01
-1.476508677005767822e-01
-1.476508677005767822e-01
-1.476508677005767822e-01
-1.476508677005767822e-01
-1.476508677005767822e-01
-1.476508677005767822e-01
-1.476508677005767822e-01
-1.796074211597442627e-01
-4.089910387992858887e-01
-7.534261345863342285e-01
-6.734374165534973145e-01
-2.329122722148895264e-01
1.428542733192443848e-01
5.566002726554870605e-01
6.933928132057189941e-01
6.242606043815612793e-01
4.581424891948699951e-01
2.287628650665283203e-01
-2.483572112396359444e-03
-1.476508677005767822e-01
-1.476508677005767822e-01
-1.476508677005767822e-01
-1.476508677005767822e-01
-1.476508677005767822e-01
-1.476508677005767822e-01
-1.476508677005767822e-01
-1.476508677005767822e-01
-1.476508677005767822e-01
-1.476508677005767822e-01
-1.476508677005767822e-01
-1.476508677005767822e-01
-1.476508677005767822e-01
-1.476508677005767822e-01
-1.476508677005767822e-01
-1.476508677005767822e-01
-1.476508677005767822e-01
-1.883228421211242676e-01
-2.936483919620513916e-01
-3.081685006618499756e-01
-1.586875021457672119e-01
-1.332096196711063385e-02
1.444163062842562795e-04
-5.570457503199577332e-02
-4.895866289734840393e-02
-3.733405470848083496e-02
-7.653130590915679932e-02
-1.224814653396606445e-01
-1.476508677005767822e-01
-1.476508677005767822e-01
-1.476508677005767822e-01
-1.476508677005767822e-01
-1.476508677005767822e-01
-1.476508677005767822e-01
-1.476508677005767822e-01
-1.476508677005767822e-01
