1.652261475101113319e-03
1.290895193815231323e-01
3.275976181030273438e-01
2.739859223365783691e-01
2.455060631036758423e-01
6.153834462165832520e-01
4.564479887485504150e-01
-4.417889714241027832e-01
-1.063283205032348633e+00
-9.402052164077758789e-01
1.115040108561515808e-01
-1.624558493494987488e-02
9.086364880204200745e-03
-1.263677239418029785e+00
-1.865386366844177246e+00
-1.491986751556396484e+00
-7.015644311904907227e-01
3.264614641666412354e-01
7.101622223854064941e-01
1.098236590623855591e-01
-4.143198486417531967e-03
-7.032126784324645996e-01
-9.546169042587280273e-01
-1.451779365539550781e+00
-2.900650262832641602e+00
-1.716047048568725586e+00
-6.769362371414899826e-04
8.023268580436706543e-01
6.249350309371948242e-01
-2.484000921249389648e-01
-1.163650751113891602e-01
-1.230063915252685547e+00
-9.203786849975585938e-01
1.053550913929939270e-01
-6.478062272071838379e-01
-2.038956403732299805e+00
-6.714709997177124023e-01
7.037699818611145020e-01
-5.039670467376708984e-01
-8.654472231864929199e-01
6.188077852129936218e-03
-4.907500147819519043e-01
-4.096870422363281250e-01
-2.694665789604187012e-01
1.518929958343505859e+00
-1.273336291313171387e+00
-2.099178552627563477e+00
-1.858171522617340088e-01
-6.630346775054931641e-01
-7.051760554313659668e-01
7.297982275485992432e-02
-6.940886378288269043e-02
-4.713893234729766846e-01
-1.379505515098571777e+00
9.991443753242492676e-01
-3.247106447815895081e-02
-2.759887218475341797e+00
-1.640127420425415039e+00
6.745480000972747803e-02
-3.516573905944824219e-01
1.041627600789070129e-01
2.146454155445098877e-01
4.747316241264343262e-03
-1.283293008804321289e+00
2.001681327819824219e-01
1.596740484237670898e+00
-1.490559816360473633e+00
-2.419120073318481445e+00
-3.476336300373077393e-01
-2.843607962131500244e-01
9.601191431283950806e-02
-1.656138747930526733e-01
3.192194402217864990e-01
-3.996521234512329102e-02
-1.367379069328308105e+00
8.258531093597412109e-01
6.994982361793518066e-01
-1.627071261405944824e+00
-1.170744180679321289e+00
-4.244368374347686768e-01
2.166983298957347870e-02
-8.106989264488220215e-01
-4.624995887279510498e-01
-1.936480700969696045e-01
-2.348068714141845703e+00
-2.196448087692260742e+00
4.672821164131164551e-01
-8.992933034896850586e-01
-1.744364380836486816e+00
-5.217857956886291504e-01
-1.143769733607769012e-02
-5.377481579780578613e-01
-4.707645177841186523e-01
-4.921055734157562256e-01
1.029512938112020493e-02
-2.439038991928100586e+00
-5.409799218177795410e-01
-6.691311597824096680e-01
-1.426402688026428223e+00
-3.207025229930877686e-01
