-3.138452484563458711e-06
-2.351080001972150058e-05
1.011446118354797363e+00
2.277294993400573730e-01
-3.932109757442958653e-05
1.749657349137123674e-05
2.159432917833328247e-01
1.691560745239257812e+00
9.869047999382019043e-01
2.220943088104831986e-06
4.692740185419097543e-05
2.937556018878240138e-06
1.348250955343246460e-01
1.545067548751831055e+00
1.289071887731552124e-01
8.937430720834527165e-06
1.919339956657495350e-05
1.084721088409423828e+00
7.398369312286376953e-01
2.721617221832275391e-01
-8.823181815387215465e-06
8.488640785217285156e-01
8.326875567436218262e-01
2.850345373153686523e-01
1.937273736984934658e-05
