-1.476508677005767822e-01
-1.476508677005767822e-01
-1.476508677005767822e-01
-1.476508677005767822e-01
-1.476508677005767822e-01
-1.476508677005767822e-01
-1.476508677005767822e-01
-1.476508677005767822e-01
-1.476508677005767822e-01
-1.476508677005767822e-01
-1.476508677005767822e-01
-1.476508677005767822e-01
-1.476508677005767822e-01
-1.476508677005767822e-01
-1.517109870910644531e-01
-1.150769963860511780e-01
-7.969285547733306885e-02
-1.075276285409927368e-01
-1.134540289640426636e-01
-1.120059639215469360e-01
-1.093542128801345825e-01
-8.713645488023757935e-02
-8.393919467926025391e-02
-1.159726828336715698e-01
-1.575805395841598511e-01
-1.476508677005767822e-01
-1.476508677005767822e-01
-1.476508677005767822e-01
-2.740354835987091064e-01
1.275504469871520996e+00
1.605967879295349121e+00
4.790513217449188232e-01
7.689794301986694336e-01
8.479360938072204590e-01
9.503848552703857422e-01
1.393287420272827148e+00
1.152083277702331543e+00
-2.480320334434509277e-01
-1.009918451309204102e+00
-1.542170941829681396e-01
-1.476508677005767822e-01
-1.476508677005767822e-01
-2.927410006523132324e-01
-2.541886568069458008e-01
-1.224352955818176270e+00
5.628272294998168945e-01
-1.793315768241882324e+00
-1.484560728073120117e+00
-1.399790287017822266e+00
-1.943598389625549316e+00
2.129267454147338867e-01
-1.212851643562316895e+00
-4.597242474555969238e-01
-1.426791697740554810e-01
-1.476508677005767822e-01
-1.476508677005767822e-01
-6.068806648254394531e-01
-6.782751679420471191e-01
-2.823133468627929688e-01
3.474487066268920898e-01
-5.391167998313903809e-01
1.906592026352882385e-02
9.724582731723785400e-02
2.489009648561477661e-01
2.608853816986083984e+00
-9.148299694061279297e-01
5.096542835235595703e-01
-1.135227084159851074e-01
-1.476508677005767822e-01
-1.476508677005767822e-01
-1.766656637191772461e-01
-3.147902786731719971e-01
-1.330796122550964355e+00
1.624734520912170410e+00
-1.069398522377014160e+00
3.223356008529663086e-01
-6.742793321609497070e-02
-7.413928508758544922e-01
1.395149707794189453e+00
-1.371034264564514160e+00
7.321044206619262695e-01
-1.449541449546813965e-01
-1.476508677005767822e-01
-1.476508677005767822e-01
-1.476508677005767822e-01
-1.556755900382995605e-01
-1.018123388290405273e+00
6.684490442276000977e-01
-1.280126094818115234e+00
8.863077163696289062e-01
-1.476508677005767822e-01
-1.117476701736450195e+00
1.679055213928222656e+00
-8.519037961959838867e-01
2.623286843299865723e-01
-1.476508677005767822e-01
-1.476508677005767822e-01
-1.476508677005767822e-01
-1.476508677005767822e-01
-1.476508677005767822e-01
-5.666086673736572266e-01
3.956641256809234619e-01
-2.570374310016632080e-01
1.060772985219955444e-01
-1.476508677005767822e-01
-8.855844140052795410e-01
1.928799986839294434e+00
-1.673286437988281250e+00
4.052377641201019287e-01
-1.476508677005767822e-01
-1.476508677005767822e-01
-1.476508677005767822e-01
-1.476508677005767822e-01
-1.476508677005767822e-01
-1.534611582756042480e-01
-1.367677003145217896e-01
-1.538741141557693481e-01
-1.440552324056625366e-01
-1.538362056016921997e-01
-8.562530279159545898e-01
1.588496088981628418e+00
-1.326918721199035645e+00
4.454807043075561523e-01
-1.476508677005767822e-01
-1.476508677005767822e-01
-1.476508677005767822e-01
-1.476508677005767822e-01
-1.476508677005767822e-01
-1.476508677005767822e-01
-1.476508677005767822e-01
-1.476508677005767822e-01
-1.476508677005767822e-01
-2.117967903614044189e-01
-5.622358918190002441e-01
1.657516360282897949e+00
-1.774655580520629883e+00
5.720357894897460938e-01
-1.476508677005767822e-01
-1.476508677005767822e-01
-1.476508677005767822e-01
-1.476508677005767822e-01
-1.476508677005767822e-01
-1.476508677005767822e-01
-1.476508677005767822e-01
-1.476508677005767822e-01
-1.476508677005767822e-01
-3.667962849140167236e-01
-1.507309079170227051e-02
8.613328337669372559e-01
-1.547483086585998535e+00
8.133656978607177734e-01
-1.476508677005767822e-01
-1.476508677005767822e-01
-1.476508677005767822e-01
-1.476508677005767822e-01
-1.476508677005767822e-01
-1.476508677005767822e-01
-1.476508677005767822e-01
-1.476508677005767822e-01
-1.476508677005767822e-01
-5.596088767051696777e-01
1.133056432008743286e-01
7.920058369636535645e-01
-1.739395856857299805e+00
8.266990184783935547e-01
-1.476508677005767822e-01
-1.476508677005767822e-01
-1.476508677005767822e-01
-1.476508677005767822e-01
-1.476508677005767822e-01
-1.476508677005767822e-01
-1.476508677005767822e-01
-1.476508677005767822e-01
-1.476508677005767822e-01
-7.811362147331237793e-01
7.494503259658813477e-01
3.320418298244476318e-01
-1.499066472053527832e+00
9.245719909667968750e-01
-1.476508677005767822e-01
-1.476508677005767822e-01
-1.476508677005767822e-01
-1.476508677005767822e-01
-1.476508677005767822e-01
-1.476508677005767822e-01
-1.476508677005767822e-01
-1.476508677005767822e-01
-1.476508677005767822e-01
-6.943805813789367676e-01
2.888616919517517090e-01
-1.233214020729064941e+00
-8.228065967559814453e-01
7.650911211967468262e-01
-1.476508677005767822e-01
-1.476508677005767822e-01
-1.476508677005767822e-01
