-1.258858355868142098e-05
-1.258858355868142098e-05
-1.258858355868142098e-05
-1.258858355868142098e-05
-3.960527465096674860e-06
-1.594022432982455939e-05
2.116106625180691481e-04
3.948504924774169922e-01
5.354325771331787109e-01
8.083050698041915894e-02
1.546587554912548512e-05
-5.443777354230405763e-06
-1.258858355868142098e-05
-1.258858355868142098e-05
-1.258858355868142098e-05
-1.258858355868142098e-05
-1.258858355868142098e-05
-1.258858355868142098e-05
-1.340086964773945510e-05
3.951287269592285156e-01
1.294187068939208984e+00
1.189471721649169922e+00
7.701105475425720215e-01
4.471137374639511108e-02
1.530004556116182357e-05
6.028940788382897153e-06
-1.258858355868142098e-05
-1.258858355868142098e-05
-1.258858355868142098e-05
-1.258858355868142098e-05
-1.258858355868142098e-05
-9.019619938044343144e-06
1.191640496253967285e-01
1.395443558692932129e+00
9.716317653656005859e-01
8.350536227226257324e-02
-5.540231995837530121e-06
3.953372015530476347e-06
3.154938212901470251e-06
-9.102235708269290626e-06
-1.258858355868142098e-05
-1.258858355868142098e-05
-1.258858355868142098e-05
-1.258858355868142098e-05
-1.258858355868142098e-05
-4.295114194974303246e-06
3.455165028572082520e-01
1.644848942756652832e+00
1.026690676808357239e-01
4.177915343461791053e-06
-6.276264684856869280e-06
-9.269165275327395648e-06
8.990659807750489563e-06
-1.269442327611614019e-05
-1.258858355868142098e-05
-1.258858355868142098e-05
-1.258858355868142098e-05
-1.258858355868142098e-05
-1.258858355868142098e-05
-2.254571882076561451e-05
2.199741154909133911e-01
1.739037990570068359e+00
3.740015327930450439e-01
1.790068596601486206e-01
8.474570512771606445e-01
4.201512038707733154e-02
1.365434400213416666e-06
-1.258858355868142098e-05
-1.258858355868142098e-05
-1.258858355868142098e-05
-1.258858355868142098e-05
-1.258858355868142098e-05
-1.258858355868142098e-05
-1.101396173908142373e-05
6.740751268807798624e-05
1.226693987846374512e+00
1.654839158058166504e+00
1.023517370223999023e+00
4.380564391613006592e-01
-6.414973540813662112e-06
3.359297625138424337e-05
-1.258858355868142098e-05
-1.258858355868142098e-05
-1.258858355868142098e-05
-1.258858355868142098e-05
-1.258858355868142098e-05
-1.258858355868142098e-05
-1.258858355868142098e-05
1.477387922932393849e-05
4.957672357559204102e-01
2.141202926635742188e+00
1.261324763298034668e+00
-3.975425443059066311e-06
-1.896249614219414070e-06
1.120220622397027910e-05
-1.258858355868142098e-05
-1.258858355868142098e-05
-1.258858355868142098e-05
-1.258858355868142098e-05
-1.258858355868142098e-05
-1.258858355868142098e-05
-1.258858355868142098e-05
1.432807039236649871e-05
1.003187894821166992e+00
1.860051631927490234e+00
1.505078554153442383e+00
5.379168316721916199e-02
7.822533916623797268e-06
6.693746854580240324e-06
-1.258858355868142098e-05
-1.258858355868142098e-05
-1.258858355868142098e-05
-1.258858355868142098e-05
-1.258858355868142098e-05
-1.258858355868142098e-05
-1.258858355868142098e-05
8.556908369064331055e-02
1.475951313972473145e+00
5.947509407997131348e-01
1.600183367729187012e+00
5.484657883644104004e-01
2.244093775516375899e-05
-1.662796967139001936e-05
-1.258858355868142098e-05
-1.258858355868142098e-05
-1.258858355868142098e-05
-1.258858355868142098e-05
-1.258858355868142098e-05
-1.258858355868142098e-05
-1.258858355868142098e-05
1.682076752185821533e-01
1.570865273475646973e+00
5.851925164461135864e-02
1.385373115539550781e+00
1.108760356903076172e+00
-1.900164534163195640e-06
1.054438325809314847e-05
-1.258858355868142098e-05
-1.258858355868142098e-05
-1.258858355868142098e-05
-1.258858355868142098e-05
-1.258858355868142098e-05
-1.258858355868142098e-05
-1.258858355868142098e-05
1.703214086592197418e-02
1.386990070343017578e+00
1.206696748733520508e+00
1.269519329071044922e+00
6.164870858192443848e-01
9.329119166068267077e-06
-8.359164894500281662e-06
-1.258858355868142098e-05
-1.258858355868142098e-05
-1.258858355868142098e-05
-1.258858355868142098e-05
-1.258858355868142098e-05
-1.258858355868142098e-05
-1.258858355868142098e-05
-3.906032816303195432e-06
5.461501479148864746e-01
1.594146370887756348e+00
5.377483963966369629e-01
-3.257382559240795672e-07
4.214060027152299881e-06
1.120137312682345510e-05
-1.258858355868142098e-05
-1.258858355868142098e-05
-1.258858355868142098e-05
-1.258858355868142098e-05
-1.258858355868142098e-05
-1.258858355868142098e-05
-1.258858355868142098e-05
-1.105379942600848153e-05
-3.299096761111286469e-06
1.017960980534553528e-01
6.749444641172885895e-03
-4.959924353897804394e-06
-9.475837941863574088e-06
-2.992442659888183698e-06
-1.258858355868142098e-05
-1.258858355868142098e-05
-1.258858355868142098e-05
-1.258858355868142098e-05
-1.258858355868142098e-05
-1.258858355868142098e-05
-1.258858355868142098e-05
-3.027264483534963802e-07
-2.015626705542672426e-06
1.033643093251157552e-05
-1.920242902997415513e-05
-6.726556875946698710e-06
-6.889783890073886141e-07
-1.258858355868142098e-05
-1.258858355868142098e-05
-1.258858355868142098e-05
-1.258858355868142098e-05
