1.081149458885192871e+00
1.197859287261962891e+00
2.911605588451493531e-05
4.481920768739655614e-06
2.785369753837585449e-01
3.314547240734100342e-01
7.072507143020629883e-01
1.853516548871994019e-01
-1.243832230102270842e-05
6.472670435905456543e-01
5.914569497108459473e-01
2.076287865638732910e-01
2.506909519433975220e-02
-2.471436891937628388e-05
5.476075410842895508e-01
8.277411460876464844e-01
4.614874422550201416e-01
4.427601397037506104e-02
-6.247920100577175617e-05
1.034081578254699707e+00
3.161017894744873047e-01
5.464959740638732910e-01
1.280754167964914814e-05
5.701577290892601013e-02
8.326035737991333008e-01
