-6.250545993680134416e-06
2.493533194065093994e-01
1.128911256790161133e+00
1.477833241224288940e-01
3.812598151853308082e-06
1.085130274295806885e-01
1.000505199044710025e-05
-1.051357230608118698e-05
1.306879222393035889e-01
-1.790349597285967320e-05
2.491385787725448608e-01
3.158641159534454346e-01
1.064953953027725220e-01
-2.083026811305899173e-05
-1.196869902742037084e-06
8.706907741725444794e-03
2.396510839462280273e-01
1.873869821429252625e-02
-2.452643457218073308e-06
-6.394862339220708236e-06
1.140069514513015747e-01
1.396598070859909058e-01
1.032866477966308594e+00
2.494230866432189941e-01
6.324354671960463747e-06
