6.575827002525329590e-01
6.575827002525329590e-01
6.575827002525329590e-01
6.575827002525329590e-01
6.514379978179931641e-01
5.602293014526367188e-01
3.521695137023925781e-01
1.157560050487518311e-01
2.228930592536926270e-01
1.072771430015563965e+00
1.121539711952209473e+00
6.900305747985839844e-01
6.575827002525329590e-01
6.575827002525329590e-01
6.575827002525329590e-01
6.575827002525329590e-01
6.575827002525329590e-01
6.575827002525329590e-01
5.275859236717224121e-01
4.049593582749366760e-02
-1.411386347172083333e-05
-8.151168913173023611e-07
-6.081272658775560558e-06
6.212068200111389160e-01
1.092627882957458496e+00
6.913646459579467773e-01
6.575827002525329590e-01
6.575827002525329590e-01
6.575827002525329590e-01
6.575827002525329590e-01
6.575827002525329590e-01
6.342182159423828125e-01
1.513038128614425659e-01
3.802374703809618950e-05
-9.863681043498218060e-06
-5.895355570828542113e-06
1.017444628814700991e-05
2.367869913578033447e-01
6.364326477050781250e-01
6.287498474121093750e-01
6.575827002525329590e-01
6.575827002525329590e-01
6.575827002525329590e-01
6.575827002525329590e-01
6.575827002525329590e-01
6.194262504577636719e-01
2.574222348630428314e-02
5.356055044103413820e-05
8.759600669145584106e-02
8.533060550689697266e-02
1.029183840728364885e-05
5.057224035263061523e-01
7.226303815841674805e-01
6.505829691886901855e-01
6.575827002525329590e-01
6.575827002525329590e-01
6.575827002525329590e-01
6.575827002525329590e-01
6.575827002525329590e-01
6.429145932197570801e-01
5.684756115078926086e-02
1.920752947626169771e-05
4.116615653038024902e-01
3.907884657382965088e-01
1.024419452733127400e-05
9.772122502326965332e-01
1.159648418426513672e+00
6.575827002525329590e-01
6.575827002525329590e-01
6.575827002525329590e-01
6.575827002525329590e-01
6.575827002525329590e-01
6.575827002525329590e-01
6.629893779754638672e-01
2.248159945011138916e-01
-6.101603503338992596e-06
3.845799437840469182e-05
3.955434542149305344e-03
-8.587104275648016483e-06
9.126257896423339844e-01
7.740004658699035645e-01
6.575827002525329590e-01
6.575827002525329590e-01
6.575827002525329590e-01
6.575827002525329590e-01
6.575827002525329590e-01
6.575827002525329590e-01
6.575827002525329590e-01
3.414020836353302002e-01
-3.537401426001451910e-05
-2.129696440533734858e-06
3.102592381765134633e-05
1.904147565364837646e-01
7.009426951408386230e-01
5.919430255889892578e-01
6.575827002525329590e-01
6.575827002525329590e-01
6.575827002525329590e-01
6.575827002525329590e-01
6.575827002525329590e-01
6.575827002525329590e-01
6.575827002525329590e-01
3.051419556140899658e-01
2.107823456753976643e-05
-4.894841549685224891e-05
1.528485518065281212e-05
8.040511608123779297e-01
1.141696453094482422e+00
6.555545926094055176e-01
6.575827002525329590e-01
6.575827002525329590e-01
6.575827002525329590e-01
6.575827002525329590e-01
6.575827002525329590e-01
6.575827002525329590e-01
6.575827002525329590e-01
1.984720230102539062e-01
-7.897135219536721706e-05
-3.181865395163185894e-05
-2.585034235380589962e-05
5.614444017410278320e-01
1.451353669166564941e+00
7.677209377288818359e-01
6.575827002525329590e-01
6.575827002525329590e-01
6.575827002525329590e-01
6.575827002525329590e-01
6.575827002525329590e-01
6.575827002525329590e-01
6.575827002525329590e-01
1.788482367992401123e-01
-3.042237949557602406e-05
2.468508682795800269e-05
7.513519085478037596e-05
1.734426766633987427e-01
1.527826428413391113e+00
8.072760105133056641e-01
6.575827002525329590e-01
6.575827002525329590e-01
6.575827002525329590e-01
6.575827002525329590e-01
6.575827002525329590e-01
6.575827002525329590e-01
6.575827002525329590e-01
2.530756294727325439e-01
5.412526661530137062e-05
-2.849651718861423433e-05
-4.223703581374138594e-05
3.281148150563240051e-02
1.354752779006958008e+00
6.710616350173950195e-01
6.575827002525329590e-01
6.575827002525329590e-01
6.575827002525329590e-01
6.575827002525329590e-01
6.575827002525329590e-01
6.575827002525329590e-01
6.575827002525329590e-01
3.396406173706054688e-01
-8.298992179334163666e-05
-2.416101233393419534e-05
2.356852928642183542e-05
1.363759487867355347e-01
8.743451237678527832e-01
5.677524805068969727e-01
6.575827002525329590e-01
6.575827002525329590e-01
6.575827002525329590e-01
6.575827002525329590e-01
6.575827002525329590e-01
6.575827002525329590e-01
6.575827002525329590e-01
5.536211729049682617e-01
2.286196649947669357e-05
1.024210087052779272e-05
-1.216098189615877345e-05
2.246693372726440430e-01
5.900430679321289062e-01
6.357572674751281738e-01
6.575827002525329590e-01
6.575827002525329590e-01
6.575827002525329590e-01
6.575827002525329590e-01
6.575827002525329590e-01
6.575827002525329590e-01
6.575827002525329590e-01
6.601102352142333984e-01
3.879922330379486084e-01
8.691979199647903442e-02
1.867148280143737793e-01
5.710568428039550781e-01
6.335353851318359375e-01
6.575827002525329590e-01
6.575827002525329590e-01
6.575827002525329590e-01
6.575827002525329590e-01
