-6.745749487890861928e-06
4.924687743186950684e-01
2.204160541296005249e-01
-1.028648875944782048e-05
-1.839337346609681845e-05
-2.863408881239593029e-04
1.336789131164550781e+00
2.781824171543121338e-01
6.682883948087692261e-02
2.438590126985218376e-05
-2.211461651313584298e-05
1.330026030540466309e+00
2.726432383060455322e-01
5.847053229808807373e-02
8.718363460502587259e-06
-2.825810952344909310e-06
1.091927886009216309e+00
1.643642783164978027e+00
3.432601806707680225e-05
-4.875048944086302072e-06
-1.097176300390856341e-05
1.418286323547363281e+00
5.208182334899902344e-01
2.524635009467601776e-02
-9.720787602418567985e-06
