-4.474731087684631348e-01
-8.352210521697998047e-01
-1.387184858322143555e-01
8.339929580688476562e-01
9.870466589927673340e-01
-1.721780061721801758e+00
-2.266117811203002930e+00
-1.996896266937255859e+00
-1.930192351341247559e+00
-1.463030129671096802e-01
-2.207742333412170410e-01
-8.209783434867858887e-01
5.452126860618591309e-01
-3.172553777694702148e-01
-1.405186504125595093e-01
3.142352700233459473e-01
1.105990260839462280e-01
3.591792881488800049e-01
-5.504763126373291016e-01
-3.093076944351196289e-01
4.665359258651733398e-01
4.969872534275054932e-03
7.232385873794555664e-02
-9.348016381263732910e-01
-4.212180376052856445e-01
