2.297326773405075073e-01
6.077564507722854614e-02
4.528721910901367664e-05
-1.333907948719570413e-05
1.155922836915124208e-05
1.482170820236206055e-01
3.900930285453796387e-01
2.011308372020721436e-01
-9.051221240952145308e-06
8.928371220827102661e-02
3.919782638549804688e-01
9.350104331970214844e-01
-2.284233778482303023e-05
1.291174521611537784e-05
-1.227086158905876800e-05
5.274304747581481934e-02
3.920768499374389648e-01
2.498491201549768448e-03
2.874060347676277161e-02
4.756944235850824043e-06
9.730635583400726318e-02
1.429079473018646240e-01
1.215406730771064758e-01
1.666941940784454346e-01
2.660856954753398895e-02
