-2.466198205947875977e+00
-1.419949293136596680e+00
-4.877952098846435547e+00
-1.185471892356872559e+00
-6.075883656740188599e-02
3.041179478168487549e-01
2.099237918853759766e+00
2.543503642082214355e-01
1.416683793067932129e+00
2.872761785984039307e-01
8.953464031219482422e-01
1.797283649444580078e+00
5.876262784004211426e-01
2.058978557586669922e+00
8.151764273643493652e-01
1.632161289453506470e-01
5.934202671051025391e-01
-4.650842845439910889e-01
1.675485491752624512e+00
4.854589402675628662e-01
2.000781595706939697e-01
6.261597871780395508e-01
-1.064967155456542969e+00
2.191301584243774414e+00
2.248396277427673340e-01
