-5.328809947968693450e-06
-5.328809947968693450e-06
-5.328809947968693450e-06
-5.328809947968693450e-06
-4.870346401730785146e-06
-1.428923837920592632e-06
5.296698873280547559e-06
-2.520031412132084370e-04
-9.373320608574431390e-07
5.341191354091279209e-05
1.388326381857041270e-05
4.110121153644286096e-06
-5.328809947968693450e-06
-5.328809947968693450e-06
-5.328809947968693450e-06
-5.328809947968693450e-06
-5.328809947968693450e-06
-5.328809947968693450e-06
1.433077613910427317e-06
-3.678380380733869970e-06
2.008205801248550415e-01
3.002321422100067139e-01
1.192840814590454102e+00
1.610363960266113281e+00
5.921322703361511230e-01
7.379052249234518968e-07
-5.328809947968693450e-06
-5.328809947968693450e-06
-5.328809947968693450e-06
-5.328809947968693450e-06
-5.328809947968693450e-06
-3.785782155318884179e-06
1.045321710080315825e-06
7.776799798011779785e-01
1.917272806167602539e+00
2.212590694427490234e+00
1.697353720664978027e+00
1.389571428298950195e+00
7.521153688430786133e-01
1.426900830119848251e-02
-5.328809947968693450e-06
-5.328809947968693450e-06
-5.328809947968693450e-06
-5.328809947968693450e-06
-5.328809947968693450e-06
-1.377380840494879521e-06
4.951258897781372070e-01
1.664489507675170898e+00
4.633024632930755615e-01
-3.871814260492101312e-05
5.114975647302344441e-05
8.074443030636757612e-06
9.411553037352859974e-06
-6.511979790957411751e-07
-5.328809947968693450e-06
-5.328809947968693450e-06
-5.328809947968693450e-06
-5.328809947968693450e-06
-5.328809947968693450e-06
1.512147486209869385e-02
2.453871667385101318e-01
2.608446776866912842e-01
8.297611474990844727e-01
-6.413599476218223572e-05
-2.737226623139576986e-06
-1.842166784626897424e-05
-7.055332389427348971e-07
-5.328809947968693450e-06
-5.328809947968693450e-06
-5.328809947968693450e-06
-5.328809947968693450e-06
-5.328809947968693450e-06
-5.328809947968693450e-06
-5.981079993944149464e-06
2.908638864755630493e-02
-4.270711542631033808e-06
2.586085081100463867e+00
7.633824348449707031e-01
5.792780518531799316e-01
9.928091168403625488e-01
6.331397294998168945e-01
-5.328809947968693450e-06
-5.328809947968693450e-06
-5.328809947968693450e-06
-5.328809947968693450e-06
-5.328809947968693450e-06
-5.328809947968693450e-06
-5.328809947968693450e-06
3.256682679057121277e-02
1.548717045807279646e-05
1.995229959487915039e+00
2.634765625000000000e+00
1.729035973548889160e-01
8.644769340753555298e-02
6.577175855636596680e-02
-5.328809947968693450e-06
-5.328809947968693450e-06
-5.328809947968693450e-06
-5.328809947968693450e-06
-5.328809947968693450e-06
-5.328809947968693450e-06
-5.328809947968693450e-06
1.064247840076859575e-06
1.476788241416215897e-02
-7.550906047981698066e-06
4.986471682786941528e-02
1.877353936433792114e-01
1.924498792504891753e-05
-1.869365519269194920e-06
-5.328809947968693450e-06
-5.328809947968693450e-06
-5.328809947968693450e-06
-5.328809947968693450e-06
-5.328809947968693450e-06
-5.328809947968693450e-06
-5.328809947968693450e-06
1.161652654409408569e-01
1.018960475921630859e+00
5.468434095382690430e-01
7.248263359069824219e-01
2.166952133178710938e+00
-6.036107879481278360e-05
7.450029443134553730e-06
-5.328809947968693450e-06
-5.328809947968693450e-06
-5.328809947968693450e-06
-5.328809947968693450e-06
-5.328809947968693450e-06
-5.328809947968693450e-06
-5.328809947968693450e-06
2.591267824172973633e-01
4.061653912067413330e-01
3.450055420398712158e-01
3.586851380532607436e-05
1.908144712448120117e+00
3.790329992771148682e-01
-1.755949597281869501e-05
-5.328809947968693450e-06
-5.328809947968693450e-06
-5.328809947968693450e-06
-5.328809947968693450e-06
-5.328809947968693450e-06
-5.328809947968693450e-06
-5.328809947968693450e-06
2.190087884664535522e-01
3.153842687606811523e-02
1.751754045486450195e+00
-2.982170917675830424e-05
1.582915633916854858e-01
5.923029780387878418e-01
3.321302756376098841e-06
-5.328809947968693450e-06
-5.328809947968693450e-06
-5.328809947968693450e-06
-5.328809947968693450e-06
-5.328809947968693450e-06
-5.328809947968693450e-06
-5.328809947968693450e-06
1.409296598285436630e-02
-2.094777846650686115e-05
3.205689191818237305e+00
1.971008300781250000e+00
7.974313944578170776e-02
5.346503257751464844e-01
-1.447015165467746556e-05
-5.328809947968693450e-06
-5.328809947968693450e-06
-5.328809947968693450e-06
-5.328809947968693450e-06
-5.328809947968693450e-06
-5.328809947968693450e-06
-5.328809947968693450e-06
1.128096226602792740e-02
2.487281744834035635e-05
5.508105754852294922e-01
9.446837902069091797e-01
2.105401903390884399e-01
-3.733281346285366453e-06
-1.039373614730720874e-06
-5.328809947968693450e-06
-5.328809947968693450e-06
-5.328809947968693450e-06
-5.328809947968693450e-06
-5.328809947968693450e-06
-5.328809947968693450e-06
-5.328809947968693450e-06
-5.638441052724374458e-06
2.039694663835689425e-05
2.781650073302444071e-05
-4.916517355013638735e-05
-4.010330485471058637e-07
7.419679150189040229e-06
-5.328809947968693450e-06
-5.328809947968693450e-06
-5.328809947968693450e-06
-5.328809947968693450e-06
