-9.972479343414306641e-01
-2.919892549514770508e+00
-1.543067693710327148e+00
6.472162604331970215e-01
-6.478400230407714844e-01
-5.801858007907867432e-02
-1.380986571311950684e+00
-1.338127613067626953e+00
8.245330452919006348e-01
-8.660370111465454102e-01
-4.075918495655059814e-01
-1.635291814804077148e+00
-3.688854694366455078e+00
7.604882121086120605e-02
-1.846509575843811035e+00
7.820051908493041992e-02
-6.503893136978149414e-01
-2.626291751861572266e+00
-9.463518857955932617e-02
-1.143059968948364258e+00
2.999254465103149414e-01
-7.677036523818969727e-01
-1.846125841140747070e+00
-9.201118946075439453e-01
-4.111845493316650391e-01
