6.037827208638191223e-02
1.524687409400939941e-01
2.152018696069717407e-01
1.957273632287979126e-01
2.050199657678604126e-01
-2.809724246617406607e-04
2.632458508014678955e-02
-2.712533023441210389e-05
3.764485716819763184e-01
1.562150269746780396e-01
1.951829716563224792e-02
-9.967789992515463382e-06
6.295291185379028320e-01
-5.493457138072699308e-06
1.688299141824245453e-02
1.037057489156723022e-01
8.071406185626983643e-02
6.556977033615112305e-01
1.748078614473342896e-01
7.382692729152040556e-06
5.310898646712303162e-03
5.692406375601422042e-06
2.435524482280015945e-03
1.168198809027671814e-01
-3.615563036873936653e-05
