3.257433176040649414e-01
3.257433176040649414e-01
3.257433176040649414e-01
3.257433176040649414e-01
3.257433176040649414e-01
3.257433176040649414e-01
3.257433176040649414e-01
3.257433176040649414e-01
3.257433176040649414e-01
3.257433176040649414e-01
3.257433176040649414e-01
3.257433176040649414e-01
3.257433176040649414e-01
3.257433176040649414e-01
3.306153118610382080e-01
3.453519344329833984e-01
3.454387784004211426e-01
3.332580924034118652e-01
3.342696130275726318e-01
3.360525071620941162e-01
3.406298458576202393e-01
3.453022241592407227e-01
3.387012481689453125e-01
3.234491646289825439e-01
3.180295526981353760e-01
3.257433176040649414e-01
3.257433176040649414e-01
3.257433176040649414e-01
4.705554842948913574e-01
1.048547029495239258e+00
1.340430498123168945e+00
1.022998213768005371e+00
9.759943485260009766e-01
9.959077835083007812e-01
1.093385577201843262e+00
1.255707025527954102e+00
1.145568370819091797e+00
5.671706199645996094e-01
1.254724264144897461e-01
3.220446109771728516e-01
3.257433176040649414e-01
3.257433176040649414e-01
7.287150621414184570e-01
1.567250490188598633e+00
1.816209197044372559e+00
1.838169813156127930e+00
1.307149410247802734e+00
1.380378365516662598e+00
1.633250236511230469e+00
1.784552097320556641e+00
1.756026148796081543e+00
4.541028141975402832e-01
-7.129035145044326782e-02
3.223247826099395752e-01
3.257433176040649414e-01
3.257433176040649414e-01
5.232502147555351257e-02
-8.867588043212890625e-01
-1.000937342643737793e+00
-1.640386819839477539e+00
-2.424569368362426758e+00
-2.518530130386352539e+00
-2.587159633636474609e+00
-2.045792818069458008e+00
-1.212455511093139648e+00
-1.599860072135925293e+00
-9.170860052108764648e-01
3.162468373775482178e-01
3.257433176040649414e-01
3.257433176040649414e-01
2.815365791320800781e-01
3.650192916393280029e-02
-3.463952541351318359e-01
-7.674874663352966309e-01
-1.573863983154296875e+00
-8.206998109817504883e-01
-5.238012075424194336e-01
7.528047263622283936e-02
-5.049529299139976501e-02
-1.415496110916137695e+00
-9.422101378440856934e-01
3.224821090698242188e-01
3.257433176040649414e-01
3.257433176040649414e-01
3.257433176040649414e-01
3.181730508804321289e-01
1.380331814289093018e-01
-4.491629004478454590e-01
-1.025708317756652832e+00
-1.283025741577148438e-01
3.257433176040649414e-01
5.707132220268249512e-01
2.098733931779861450e-01
-1.155554294586181641e+00
-8.084372282028198242e-01
3.257433176040649414e-01
3.257433176040649414e-01
3.257433176040649414e-01
3.257433176040649414e-01
3.257433176040649414e-01
1.169385015964508057e-01
-4.368934035301208496e-01
-3.776144385337829590e-01
6.832014769315719604e-02
3.257433176040649414e-01
6.526849269866943359e-01
6.619220972061157227e-01
-9.881047606468200684e-01
-7.967099547386169434e-01
3.257433176040649414e-01
3.257433176040649414e-01
3.257433176040649414e-01
3.257433176040649414e-01
3.257433176040649414e-01
3.186295330524444580e-01
3.086610436439514160e-01
3.120833337306976318e-01
3.213950395584106445e-01
3.278980851173400879e-01
8.575336933135986328e-01
5.565159320831298828e-01
-1.173167228698730469e+00
-9.557867050170898438e-01
3.257433176040649414e-01
3.257433176040649414e-01
3.257433176040649414e-01
3.257433176040649414e-01
3.257433176040649414e-01
3.257433176040649414e-01
3.257433176040649414e-01
3.257433176040649414e-01
3.257433176040649414e-01
3.514067530632019043e-01
9.053885340690612793e-01
4.886725842952728271e-01
-1.427548170089721680e+00
-9.285053610801696777e-01
3.257433176040649414e-01
3.257433176040649414e-01
3.257433176040649414e-01
3.257433176040649414e-01
3.257433176040649414e-01
3.257433176040649414e-01
3.257433176040649414e-01
3.257433176040649414e-01
3.257433176040649414e-01
4.323538541793823242e-01
1.148727893829345703e+00
2.542626261711120605e-01
-1.669429421424865723e+00
-8.835535645484924316e-01
3.257433176040649414e-01
3.257433176040649414e-01
3.257433176040649414e-01
3.257433176040649414e-01
3.257433176040649414e-01
3.257433176040649414e-01
3.257433176040649414e-01
3.257433176040649414e-01
3.257433176040649414e-01
5.058997869491577148e-01
9.733168482780456543e-01
-1.428905129432678223e-01
-1.768932461738586426e+00
-6.285793781280517578e-01
3.257433176040649414e-01
3.257433176040649414e-01
3.257433176040649414e-01
3.257433176040649414e-01
3.257433176040649414e-01
3.257433176040649414e-01
3.257433176040649414e-01
3.257433176040649414e-01
3.257433176040649414e-01
4.621121287345886230e-01
8.203965425491333008e-01
-5.377339720726013184e-01
-1.836774349212646484e+00
-4.245492517948150635e-01
3.257433176040649414e-01
3.257433176040649414e-01
3.257433176040649414e-01
3.257433176040649414e-01
3.257433176040649414e-01
3.257433176040649414e-01
3.257433176040649414e-01
3.257433176040649414e-01
3.257433176040649414e-01
4.918949007987976074e-01
4.951693415641784668e-01
-9.124915599822998047e-01
-1.492763876914978027e+00
-1.056913360953330994e-01
3.257433176040649414e-01
3.257433176040649414e-01
3.257433176040649414e-01
