7.342132925987243652e-01
4.918417930603027344e-01
3.576824367046356201e-01
-1.224384686793200672e-05
9.964387863874435425e-02
7.108439207077026367e-01
2.476329803466796875e+00
1.030278921127319336e+00
5.508744716644287109e-02
1.546934247016906738e-01
5.456286072731018066e-01
6.067667007446289062e-01
9.082413315773010254e-01
6.665108203887939453e-01
-1.416766281181480736e-05
8.528468608856201172e-01
2.115538120269775391e+00
1.938606977462768555e+00
8.131514191627502441e-01
5.841884613037109375e-01
4.765154123306274414e-01
1.390429973602294922e+00
2.159650772809982300e-01
2.661771178245544434e-01
3.638683855533599854e-01
