-1.922915130853652954e-01
-1.922915130853652954e-01
-1.922915130853652954e-01
-1.922915130853652954e-01
-1.922915130853652954e-01
-1.922915130853652954e-01
-1.922915130853652954e-01
-1.922915130853652954e-01
-1.922915130853652954e-01
-1.922915130853652954e-01
-1.922915130853652954e-01
-1.922915130853652954e-01
-1.922915130853652954e-01
-1.922915130853652954e-01
-1.933477520942687988e-01
-1.763460338115692139e-01
-1.853377968072891235e-01
-1.896530836820602417e-01
-1.866081655025482178e-01
-1.875541061162948608e-01
-1.836717277765274048e-01
-1.825496554374694824e-01
-1.814070492982864380e-01
-2.007896602153778076e-01
-1.912041902542114258e-01
-1.922915130853652954e-01
-1.922915130853652954e-01
-1.922915130853652954e-01
-4.587002694606781006e-01
3.334845602512359619e-01
6.020131707191467285e-01
3.507363796234130859e-01
3.327808380126953125e-01
3.134114146232604980e-01
2.722758650779724121e-01
5.143216848373413086e-01
8.069968223571777344e-01
8.281604200601577759e-02
-1.416188627481460571e-01
-1.900403648614883423e-01
-1.922915130853652954e-01
-1.922915130853652954e-01
-1.230887413024902344e+00
-1.658930301666259766e+00
9.124738574028015137e-01
9.010353088378906250e-01
1.322898566722869873e-01
2.339486330747604370e-01
-2.670137584209442139e-01
-4.938755184412002563e-03
1.686385154724121094e+00
1.910654902458190918e+00
-3.797316551208496094e-01
-1.996282935142517090e-01
-1.922915130853652954e-01
-1.922915130853652954e-01
-8.874779939651489258e-01
-1.629327058792114258e+00
-2.381443262100219727e+00
2.262769222259521484e+00
-4.009687900543212891e-01
-5.736333727836608887e-01
-6.951460242271423340e-01
-1.845952033996582031e+00
1.014515757560729980e+00
2.755248546600341797e+00
-5.067543387413024902e-01
-1.956821233034133911e-01
-1.922915130853652954e-01
-1.922915130853652954e-01
-2.426845729351043701e-01
-4.377247989177703857e-01
-3.254189014434814453e+00
2.088350772857666016e+00
8.392718434333801270e-01
-4.831142127513885498e-01
-3.037833869457244873e-01
-3.159735679626464844e+00
9.269652366638183594e-01
2.552361488342285156e+00
-5.889787673950195312e-01
-1.928393393754959106e-01
-1.922915130853652954e-01
-1.922915130853652954e-01
-1.922915130853652954e-01
-2.052674293518066406e-01
-1.839075803756713867e+00
2.383863329887390137e-01
8.782113194465637207e-01
-3.740356266498565674e-01
-1.922915130853652954e-01
-3.165673255920410156e+00
1.091564416885375977e+00
2.475776910781860352e+00
-5.906456708908081055e-01
-1.922915130853652954e-01
-1.922915130853652954e-01
-1.922915130853652954e-01
-1.922915130853652954e-01
-1.922915130853652954e-01
-7.310240268707275391e-01
1.262051463127136230e-01
-1.260171681642532349e-01
-2.708202898502349854e-01
-1.922915130853652954e-01
-2.866601467132568359e+00
6.691899299621582031e-01
2.735350131988525391e+00
-5.208735466003417969e-01
-1.922915130853652954e-01
-1.922915130853652954e-01
-1.922915130853652954e-01
-1.922915130853652954e-01
-1.922915130853652954e-01
-2.030919045209884644e-01
-1.772326827049255371e-01
-2.020540833473205566e-01
-1.930219531059265137e-01
-1.978406757116317749e-01
-3.151707172393798828e+00
7.784096002578735352e-01
2.970910072326660156e+00
-5.874326229095458984e-01
-1.922915130853652954e-01
-1.922915130853652954e-01
-1.922915130853652954e-01
-1.922915130853652954e-01
-1.922915130853652954e-01
-1.922915130853652954e-01
-1.922915130853652954e-01
-1.922915130853652954e-01
-1.922915130853652954e-01
-2.794585227966308594e-01
-3.169528722763061523e+00
1.066537022590637207e+00
2.827090740203857422e+00
-5.816184282302856445e-01
-1.922915130853652954e-01
-1.922915130853652954e-01
-1.922915130853652954e-01
-1.922915130853652954e-01
-1.922915130853652954e-01
-1.922915130853652954e-01
-1.922915130853652954e-01
-1.922915130853652954e-01
-1.922915130853652954e-01
-6.086373329162597656e-01
-3.126393795013427734e+00
1.898845672607421875e+00
2.260240554809570312e+00
-5.585550069808959961e-01
-1.922915130853652954e-01
-1.922915130853652954e-01
-1.922915130853652954e-01
-1.922915130853652954e-01
-1.922915130853652954e-01
-1.922915130853652954e-01
-1.922915130853652954e-01
-1.922915130853652954e-01
-1.922915130853652954e-01
-1.016676902770996094e+00
-3.066551208496093750e+00
2.773354530334472656e+00
1.594047546386718750e+00
-5.626817345619201660e-01
-1.922915130853652954e-01
-1.922915130853652954e-01
-1.922915130853652954e-01
-1.922915130853652954e-01
-1.922915130853652954e-01
-1.922915130853652954e-01
-1.922915130853652954e-01
-1.922915130853652954e-01
-1.922915130853652954e-01
-1.308597087860107422e+00
-2.577492237091064453e+00
3.018876552581787109e+00
9.792909026145935059e-01
-4.995958209037780762e-01
-1.922915130853652954e-01
-1.922915130853652954e-01
-1.922915130853652954e-01
-1.922915130853652954e-01
-1.922915130853652954e-01
-1.922915130853652954e-01
-1.922915130853652954e-01
-1.922915130853652954e-01
-1.922915130853652954e-01
-1.423062682151794434e+00
-2.560375213623046875e+00
3.251919269561767578e+00
4.079710841178894043e-01
-4.284166395664215088e-01
-1.922915130853652954e-01
-1.922915130853652954e-01
-1.922915130853652954e-01
