-7.217707633972167969e-01
-6.472404003143310547e-01
-6.238609552383422852e-01
-1.104299545288085938e+00
4.541240930557250977e-01
-1.743312954902648926e+00
-2.121566534042358398e+00
-1.518921494483947754e+00
-3.427389860153198242e-01
8.735241889953613281e-01
-6.324729323387145996e-01
4.647380709648132324e-01
-1.002097487449645996e+00
-8.540591001510620117e-01
1.192061901092529297e+00
4.699367284774780273e-01
4.479407966136932373e-01
-1.530731081962585449e+00
-1.074943542480468750e+00
1.100712299346923828e+00
6.605226993560791016e-01
6.749284267425537109e-02
-1.861786365509033203e+00
-1.214517831802368164e+00
1.328876256942749023e+00
