-3.946751952171325684e-01
-4.788688421249389648e-01
-5.783826112747192383e-01
-2.510434627532958984e+00
-4.224117100238800049e-01
2.814651250839233398e+00
7.672766447067260742e-01
1.909883022308349609e+00
-1.351897418498992920e-02
-3.928423225879669189e-01
1.144867420196533203e+00
6.864757537841796875e-01
8.538843393325805664e-01
-4.146257042884826660e-01
-4.389339685440063477e-01
4.922412335872650146e-01
3.520096242427825928e-01
1.230730772018432617e+00
-3.796536326408386230e-01
-5.084906816482543945e-01
5.787260532379150391e-01
4.218593239784240723e-01
1.623185634613037109e+00
-4.768749475479125977e-01
-5.125298500061035156e-01
