-3.596058149923919700e-06
5.436084393295459449e-06
5.280436873435974121e-01
9.083352088928222656e-01
5.041800737380981445e-01
9.395807236433029175e-02
-6.096083779993932694e-06
-8.396953489864245057e-06
2.275183214806020260e-05
1.253504157066345215e-01
4.051756262779235840e-01
8.021624386310577393e-02
2.209872454404830933e-01
4.639612138271331787e-01
3.605781197547912598e-01
1.805074699223041534e-02
1.367070490232435986e-05
-2.537521504564210773e-05
8.734696166357025504e-08
4.128108546137809753e-02
2.355153262615203857e-01
1.013916209340095520e-01
1.297242790460586548e-01
2.356970906257629395e-01
5.408389121294021606e-02
