-4.367136170912999660e-06
3.667120337486267090e-01
5.279304385185241699e-01
2.731996774673461914e-02
3.532492369413375854e-02
1.932265013456344604e-01
1.274394243955612183e-01
5.414194241166114807e-02
3.459223210811614990e-01
1.602148404344916344e-05
7.465405360562726855e-06
2.504042088985443115e-01
1.078479528427124023e+00
2.961163222789764404e-02
3.318156450404785573e-05
2.532940357923507690e-02
4.848963618278503418e-01
7.147024273872375488e-01
7.094108033925294876e-03
4.597773659043014050e-05
1.673211753368377686e-01
8.747840672731399536e-02
2.186973392963409424e-01
2.751974761486053467e-01
-1.713059828034602106e-05
