2.777746200561523438e+00
2.179727077484130859e+00
2.358689308166503906e+00
3.864441871643066406e+00
1.507262587547302246e-01
1.265267610549926758e+00
1.059317231178283691e+00
4.837287068367004395e-01
3.437030076980590820e+00
9.507274627685546875e-02
-5.248998999595642090e-01
-5.149841308593750000e-02
-1.690658926963806152e-01
3.485388755798339844e+00
4.668544530868530273e-01
-1.620355397462844849e-01
-6.419526338577270508e-01
3.513652086257934570e-01
3.324622392654418945e+00
3.672308921813964844e-01
-2.942190691828727722e-02
-1.100915312767028809e+00
9.329927563667297363e-01
3.210958957672119141e+00
2.416977286338806152e-01
