-5.020561729907058179e-06
9.638713598251342773e-01
-7.779703082633204758e-06
1.167013570666313171e-01
2.181961089372634888e-01
3.002218902111053467e-03
7.552800774574279785e-01
1.502984046936035156e+00
2.471239531587343663e-05
2.163412318623159081e-05
2.440870739519596100e-02
2.470919935149140656e-05
9.321782588958740234e-01
3.067131340503692627e-01
-2.656543074408546090e-05
-1.080726287909783423e-04
4.474483132362365723e-01
-1.324682671111077070e-05
8.290023207664489746e-01
2.628595575515646487e-05
1.232283003628253937e-02
2.306465953588485718e-01
4.005270004272460938e-01
1.182942166924476624e-01
4.102032631635665894e-02
