3.257433176040649414e-01
3.257433176040649414e-01
3.257433176040649414e-01
3.257433176040649414e-01
3.257433176040649414e-01
3.257433176040649414e-01
3.257433176040649414e-01
3.257433176040649414e-01
3.257433176040649414e-01
3.257433176040649414e-01
3.257433176040649414e-01
3.257433176040649414e-01
3.257433176040649414e-01
3.257433176040649414e-01
3.257433176040649414e-01
3.257433176040649414e-01
3.257433176040649414e-01
3.257433176040649414e-01
3.257433176040649414e-01
3.257433176040649414e-01
3.257433176040649414e-01
3.257433176040649414e-01
3.257433176040649414e-01
3.257433176040649414e-01
3.257433176040649414e-01
3.257433176040649414e-01
3.257433176040649414e-01
3.257433176040649414e-01
3.257433176040649414e-01
3.257433176040649414e-01
3.257433176040649414e-01
3.257433176040649414e-01
3.257433176040649414e-01
3.257433176040649414e-01
3.257433176040649414e-01
3.257433176040649414e-01
3.257433176040649414e-01
3.257433176040649414e-01
3.257433176040649414e-01
3.257433176040649414e-01
3.257433176040649414e-01
3.257433176040649414e-01
3.257433176040649414e-01
3.257433176040649414e-01
3.257433176040649414e-01
3.257433176040649414e-01
3.257433176040649414e-01
3.257433176040649414e-01
3.257433176040649414e-01
3.257433176040649414e-01
3.257433176040649414e-01
3.257433176040649414e-01
3.257433176040649414e-01
3.257433176040649414e-01
3.257433176040649414e-01
3.257433176040649414e-01
3.257433176040649414e-01
3.257433176040649414e-01
3.257433176040649414e-01
3.257433176040649414e-01
3.257433176040649414e-01
3.257433176040649414e-01
3.257433176040649414e-01
3.257433176040649414e-01
3.257433176040649414e-01
3.257433176040649414e-01
3.257433176040649414e-01
3.257433176040649414e-01
3.257433176040649414e-01
3.257433176040649414e-01
3.257433176040649414e-01
3.257433176040649414e-01
3.257433176040649414e-01
3.257433176040649414e-01
3.257433176040649414e-01
3.257433176040649414e-01
3.257433176040649414e-01
3.257433176040649414e-01
3.257433176040649414e-01
3.257433176040649414e-01
3.257433176040649414e-01
3.257433176040649414e-01
3.257433176040649414e-01
3.257433176040649414e-01
3.300626277923583984e-01
3.409119546413421631e-01
3.577686250209808350e-01
3.721524477005004883e-01
3.712133169174194336e-01
3.590552210807800293e-01
3.430603146553039551e-01
3.384853601455688477e-01
3.414139151573181152e-01
3.441779017448425293e-01
3.458217978477478027e-01
3.469016253948211670e-01
3.523135483264923096e-01
3.587192296981811523e-01
3.641577661037445068e-01
3.655644953250885010e-01
3.573530912399291992e-01
3.459652066230773926e-01
3.288472294807434082e-01
3.134627938270568848e-01
3.063953816890716553e-01
3.142361640930175781e-01
3.257433176040649414e-01
3.257433176040649414e-01
3.257433176040649414e-01
3.257433176040649414e-01
3.257433176040649414e-01
3.257433176040649414e-01
3.828962743282318115e-01
5.560669302940368652e-01
8.149694204330444336e-01
1.041897535324096680e+00
1.047336935997009277e+00
8.408282995223999023e-01
6.202065944671630859e-01
5.612089037895202637e-01
6.120329499244689941e-01
6.568884849548339844e-01
6.650618314743041992e-01
6.704413890838623047e-01
7.446252703666687012e-01
8.381577730178833008e-01
9.247071743011474609e-01
9.747943282127380371e-01
8.451893329620361328e-01
6.781811118125915527e-01
4.140053391456604004e-01
1.713196039199829102e-01
6.097255274653434753e-02
1.501708328723907471e-01
3.257433176040649414e-01
3.257433176040649414e-01
3.257433176040649414e-01
3.257433176040649414e-01
3.257433176040649414e-01
3.257433176040649414e-01
3.749015927314758301e-01
5.683571696281433105e-01
9.378633499145507812e-01
1.399458050727844238e+00
1.727106451988220215e+00
1.746450543403625488e+00
1.531378746032714844e+00
1.379198431968688965e+00
1.316565752029418945e+00
1.318490266799926758e+00
1.322016477584838867e+00
1.326111435890197754e+00
1.357639312744140625e+00
1.433120131492614746e+00
1.499641180038452148e+00
1.623685598373413086e+00
1.606956720352172852e+00
1.451946139335632324e+00
1.081828236579895020e+00
6.015294194221496582e-01
2.042424529790878296e-01
8.650385588407516479e-02
3.109484314918518066e-01
3.257433176040649414e-01
3.257433176040649414e-01
3.257433176040649414e-01
3.257433176040649414e-01
3.257433176040649414e-01
5.060169100761413574e-01
9.766805171966552734e-01
1.556366682052612305e+00
1.939101576805114746e+00
2.112781524658203125e+00
2.114888668060302734e+00
1.991329431533813477e+00
1.853972911834716797e+00
1.577311396598815918e+00
1.547714948654174805e+00
1.675738215446472168e+00
1.757327556610107422e+00
1.968041181564331055e+00
2.117194652557373047e+00
2.204531669616699219e+00
2.301358938217163086e+00
2.248452186584472656e+00
1.862334132194519043e+00
1.028210520744323730e+00
3.569956123828887939e-01
5.833528470247983932e-03
8.371089585125446320e-03
3.212260007858276367e-01
3.257433176040649414e-01
3.257433176040649414e-01
3.257433176040649414e-01
3.257433176040649414e-01
3.257433176040649414e-01
5.115891098976135254e-01
9.205735921859741211e-01
1.348683357238769531e+00
1.424850344657897949e+00
1.445721626281738281e+00
1.591444849967956543e+00
1.732643842697143555e+00
1.774733304977416992e+00
1.226446390151977539e+00
8.771245479583740234e-01
9.844840764999389648e-01
1.103963255882263184e+00
1.247021675109863281e+00
1.200743556022644043e+00
1.255910515785217285e+00
1.376407384872436523e+00
1.545247435569763184e+00
1.368070483207702637e+00
4.880651533603668213e-01
-5.685997754335403442e-02
-2.630943953990936279e-01
-3.627164289355278015e-02
3.165864646434783936e-01
3.257433176040649414e-01
3.257433176040649414e-01
3.257433176040649414e-01
3.257433176040649414e-01
3.257433176040649414e-01
2.257131487131118774e-01
-8.758693933486938477e-02
-5.760269165039062500e-01
-1.006648063659667969e+00
-9.499561786651611328e-01
-8.806499242782592773e-01
-1.066335678100585938e+00
-1.146322250366210938e+00
-1.544051289558410645e+00
-1.985876560211181641e+00
-1.895623445510864258e+00
-1.754698753356933594e+00
-1.922835350036621094e+00
-2.180678844451904297e+00
-2.133770704269409180e+00
-1.653753757476806641e+00
-1.330625295639038086e+00
-1.056291818618774414e+00
-1.426804661750793457e+00
-1.519373536109924316e+00
-1.229123115539550781e+00
-4.548336565494537354e-01
3.258302509784698486e-01
3.257433176040649414e-01
3.257433176040649414e-01
3.257433176040649414e-01
3.257433176040649414e-01
3.257433176040649414e-01
2.168304771184921265e-01
-1.456566005945205688e-01
-7.499749660491943359e-01
-1.214385271072387695e+00
-1.039071440696716309e+00
-1.134071707725524902e+00
-1.840494751930236816e+00
-2.508394956588745117e+00
-2.839505672454833984e+00
-3.328844308853149414e+00
-3.290134429931640625e+00
-3.133663892745971680e+00
-3.101670503616333008e+00
-3.143454074859619141e+00
-2.617798805236816406e+00
-1.777847886085510254e+00
-1.259434461593627930e+00
-1.203470349311828613e+00
-1.683870792388916016e+00
-1.769391417503356934e+00
-1.406359195709228516e+00
-5.780282020568847656e-01
2.876704633235931396e-01
3.257433176040649414e-01
3.257433176040649414e-01
3.257433176040649414e-01
3.257433176040649414e-01
3.257433176040649414e-01
2.937313020229339600e-01
1.809283047914505005e-01
-3.695743158459663391e-02
-3.192557990550994873e-01
-4.279171228408813477e-01
-4.640729725360870361e-01
-8.211200237274169922e-01
-1.431124687194824219e+00
-1.824951529502868652e+00
-2.044101238250732422e+00
-1.569112539291381836e+00
-1.241250514984130859e+00
-1.152725934982299805e+00
-1.147343158721923828e+00
-6.292604207992553711e-01
-1.288921982049942017e-01
-5.156538262963294983e-02
-4.464053809642791748e-01
-1.311630368232727051e+00
-1.673188924789428711e+00
-1.390309691429138184e+00
-5.059931278228759766e-01
3.126984238624572754e-01
3.257433176040649414e-01
3.257433176040649414e-01
3.257433176040649414e-01
3.257433176040649414e-01
3.257433176040649414e-01
3.257433176040649414e-01
3.257433176040649414e-01
3.079588711261749268e-01
1.942620873451232910e-01
-3.174992501735687256e-01
-1.760916560888290405e-01
-2.755774855613708496e-01
-5.421275496482849121e-01
-1.119424700736999512e+00
-1.306977987289428711e+00
-4.842708110809326172e-01
1.183464471250772476e-02
1.006536260247230530e-01
1.042105108499526978e-01
4.287359118461608887e-01
6.305385828018188477e-01
4.279364943504333496e-01
-1.319469064474105835e-01
-1.107054591178894043e+00
-1.570110321044921875e+00
-1.365825533866882324e+00
-5.067121982574462891e-01
3.257433176040649414e-01
3.257433176040649414e-01
3.257433176040649414e-01
3.257433176040649414e-01
3.257433176040649414e-01
3.257433176040649414e-01
3.257433176040649414e-01
3.257433176040649414e-01
3.257433176040649414e-01
2.990191280841827393e-01
-9.213675558567047119e-02
8.209171891212463379e-02
-2.411725521087646484e-01
-4.816907048225402832e-01
-9.671601057052612305e-01
-1.195740818977355957e+00
-4.093283116817474365e-01
1.816732883453369141e-01
3.257433176040649414e-01
3.257433176040649414e-01
5.422652363777160645e-01
6.516795158386230469e-01
3.825415968894958496e-01
-1.651051491498947144e-01
-1.030604839324951172e+00
-1.428621411323547363e+00
-1.223830699920654297e+00
-4.858520627021789551e-01
3.257433176040649414e-01
3.257433176040649414e-01
3.257433176040649414e-01
3.257433176040649414e-01
3.257433176040649414e-01
3.257433176040649414e-01
3.257433176040649414e-01
3.257433176040649414e-01
3.257433176040649414e-01
3.221864104270935059e-01
2.732934653759002686e-01
2.888843119144439697e-01
-3.593514263629913330e-01
-7.144368886947631836e-01
-8.353517055511474609e-01
-1.104580760002136230e+00
-4.258394837379455566e-01
1.402841508388519287e-01
3.257433176040649414e-01
3.257433176040649414e-01
4.834372401237487793e-01
6.054708957672119141e-01
4.976293146610260010e-01
1.244277879595756531e-01
-8.449290990829467773e-01
-1.318062067031860352e+00
-1.102236509323120117e+00
-4.218296706676483154e-01
3.257433176040649414e-01
3.257433176040649414e-01
3.257433176040649414e-01
3.257433176040649414e-01
3.257433176040649414e-01
3.257433176040649414e-01
3.257433176040649414e-01
3.257433176040649414e-01
3.257433176040649414e-01
3.257433176040649414e-01
3.257433176040649414e-01
-7.515534013509750366e-02
-6.309089660644531250e-01
-6.856526136398315430e-01
-5.169001817703247070e-01
-7.399075031280517578e-01
-2.548800706863403320e-01
1.673340648412704468e-01
3.257433176040649414e-01
3.257433176040649414e-01
4.163424372673034668e-01
6.286614537239074707e-01
7.188373208045959473e-01
5.312407016754150391e-01
-6.357676982879638672e-01
-1.286426782608032227e+00
-1.110238313674926758e+00
-3.468753099441528320e-01
3.257433176040649414e-01
3.257433176040649414e-01
3.257433176040649414e-01
3.257433176040649414e-01
3.257433176040649414e-01
3.257433176040649414e-01
3.257433176040649414e-01
3.257433176040649414e-01
3.257433176040649414e-01
3.257433176040649414e-01
3.257433176040649414e-01
-1.085772439837455750e-01
-2.209025919437408447e-01
-2.101094424724578857e-01
3.596775606274604797e-02
-2.896178066730499268e-01
6.552130728960037231e-02
2.953052818775177002e-01
3.257433176040649414e-01
3.257433176040649414e-01
6.250820755958557129e-01
9.406536817550659180e-01
8.861839175224304199e-01
5.114263296127319336e-01
-6.790053248405456543e-01
-1.351219177246093750e+00
-1.256479144096374512e+00
-4.732471108436584473e-01
3.257433176040649414e-01
3.257433176040649414e-01
3.257433176040649414e-01
3.257433176040649414e-01
3.257433176040649414e-01
3.257433176040649414e-01
3.257433176040649414e-01
3.257433176040649414e-01
3.257433176040649414e-01
3.257433176040649414e-01
3.257433176040649414e-01
2.972882091999053955e-01
2.902883887290954590e-01
2.928691506385803223e-01
3.087974786758422852e-01
2.880491912364959717e-01
3.083501458168029785e-01
3.257433176040649414e-01
3.257433176040649414e-01
3.268231451511383057e-01
7.868782877922058105e-01
1.055304646492004395e+00
8.927670717239379883e-01
3.540894091129302979e-01
-7.663152217864990234e-01
-1.385078191757202148e+00
-1.339516639709472656e+00
-5.681556463241577148e-01
3.257433176040649414e-01
3.257433176040649414e-01
3.257433176040649414e-01
3.257433176040649414e-01
3.257433176040649414e-01
3.257433176040649414e-01
3.257433176040649414e-01
3.257433176040649414e-01
3.257433176040649414e-01
3.257433176040649414e-01
3.257433176040649414e-01
3.257433176040649414e-01
3.257433176040649414e-01
3.257433176040649414e-01
3.257433176040649414e-01
3.257433176040649414e-01
3.257433176040649414e-01
3.257433176040649414e-01
3.257433176040649414e-01
3.332825899124145508e-01
6.902793645858764648e-01
8.976727128028869629e-01
7.406563162803649902e-01
2.385507822036743164e-01
-1.009663105010986328e+00
-1.531612396240234375e+00
-1.344164967536926270e+00
-5.713095664978027344e-01
3.257433176040649414e-01
3.257433176040649414e-01
3.257433176040649414e-01
3.257433176040649414e-01
3.257433176040649414e-01
3.257433176040649414e-01
3.257433176040649414e-01
3.257433176040649414e-01
3.257433176040649414e-01
3.257433176040649414e-01
3.257433176040649414e-01
3.257433176040649414e-01
3.257433176040649414e-01
3.257433176040649414e-01
3.257433176040649414e-01
3.257433176040649414e-01
3.257433176040649414e-01
3.257433176040649414e-01
3.257433176040649414e-01
3.513831496238708496e-01
7.275379896163940430e-01
9.531728625297546387e-01
7.798010110855102539e-01
2.313181459903717041e-01
-1.122956991195678711e+00
-1.618198752403259277e+00
-1.344874858856201172e+00
-5.448377132415771484e-01
3.257433176040649414e-01
3.257433176040649414e-01
3.257433176040649414e-01
3.257433176040649414e-01
3.257433176040649414e-01
3.257433176040649414e-01
3.257433176040649414e-01
3.257433176040649414e-01
3.257433176040649414e-01
3.257433176040649414e-01
3.257433176040649414e-01
3.257433176040649414e-01
3.257433176040649414e-01
3.257433176040649414e-01
3.257433176040649414e-01
3.257433176040649414e-01
3.257433176040649414e-01
3.257433176040649414e-01
3.257433176040649414e-01
4.027571678161621094e-01
8.562867641448974609e-01
1.084556579589843750e+00
8.250742554664611816e-01
1.184970661997795105e-01
-1.251273870468139648e+00
-1.717762947082519531e+00
-1.349204063415527344e+00
-4.751048088073730469e-01
3.257433176040649414e-01
3.257433176040649414e-01
3.257433176040649414e-01
3.257433176040649414e-01
3.257433176040649414e-01
3.257433176040649414e-01
3.257433176040649414e-01
3.257433176040649414e-01
3.257433176040649414e-01
3.257433176040649414e-01
3.257433176040649414e-01
3.257433176040649414e-01
3.257433176040649414e-01
3.257433176040649414e-01
3.257433176040649414e-01
3.257433176040649414e-01
3.257433176040649414e-01
3.257433176040649414e-01
3.257433176040649414e-01
4.912966489791870117e-01
1.060442566871643066e+00
1.233647465705871582e+00
8.531211018562316895e-01
-8.860228955745697021e-02
-1.428804755210876465e+00
-1.811025738716125488e+00
-1.398134112358093262e+00
-4.619756639003753662e-01
3.257433176040649414e-01
3.257433176040649414e-01
3.257433176040649414e-01
3.257433176040649414e-01
3.257433176040649414e-01
3.257433176040649414e-01
3.257433176040649414e-01
3.257433176040649414e-01
3.257433176040649414e-01
3.257433176040649414e-01
3.257433176040649414e-01
3.257433176040649414e-01
3.257433176040649414e-01
3.257433176040649414e-01
3.257433176040649414e-01
3.257433176040649414e-01
3.257433176040649414e-01
3.257433176040649414e-01
3.257433176040649414e-01
5.866321325302124023e-01
1.123340368270874023e+00
1.177480936050415039e+00
6.763602495193481445e-01
-4.238286614418029785e-01
-1.612892031669616699e+00
-1.824994921684265137e+00
-1.291282653808593750e+00
-3.828217089176177979e-01
3.257433176040649414e-01
3.257433176040649414e-01
3.257433176040649414e-01
3.257433176040649414e-01
3.257433176040649414e-01
3.257433176040649414e-01
3.257433176040649414e-01
3.257433176040649414e-01
3.257433176040649414e-01
3.257433176040649414e-01
3.257433176040649414e-01
3.257433176040649414e-01
3.257433176040649414e-01
3.257433176040649414e-01
3.257433176040649414e-01
3.257433176040649414e-01
3.257433176040649414e-01
3.257433176040649414e-01
3.257433176040649414e-01
6.985847353935241699e-01
1.056630253791809082e+00
1.008175849914550781e+00
4.219244420528411865e-01
-6.350774765014648438e-01
-1.728678584098815918e+00
-1.861972570419311523e+00
-1.167230010032653809e+00
-2.732203304767608643e-01
3.257433176040649414e-01
3.257433176040649414e-01
3.257433176040649414e-01
3.257433176040649414e-01
3.257433176040649414e-01
3.257433176040649414e-01
3.257433176040649414e-01
3.257433176040649414e-01
3.257433176040649414e-01
3.257433176040649414e-01
3.257433176040649414e-01
3.257433176040649414e-01
3.257433176040649414e-01
3.257433176040649414e-01
3.257433176040649414e-01
3.257433176040649414e-01
3.257433176040649414e-01
3.257433176040649414e-01
3.257433176040649414e-01
6.735279560089111328e-01
9.420569539070129395e-01
8.864045739173889160e-01
3.409086465835571289e-01
-6.993176341056823730e-01
-1.696712613105773926e+00
-1.788366317749023438e+00
-1.028462648391723633e+00
-4.540441185235977173e-02
3.257433176040649414e-01
3.257433176040649414e-01
3.257433176040649414e-01
3.257433176040649414e-01
3.257433176040649414e-01
3.257433176040649414e-01
3.257433176040649414e-01
3.257433176040649414e-01
3.257433176040649414e-01
3.257433176040649414e-01
3.257433176040649414e-01
3.257433176040649414e-01
3.257433176040649414e-01
3.257433176040649414e-01
3.257433176040649414e-01
3.257433176040649414e-01
3.257433176040649414e-01
3.257433176040649414e-01
3.257433176040649414e-01
5.851100087165832520e-01
8.471598029136657715e-01
7.752990126609802246e-01
1.751317977905273438e-01
-1.135889291763305664e+00
-1.901265621185302734e+00
-1.799613356590270996e+00
-9.581168293952941895e-01
-6.164378020912408829e-03
3.257433176040649414e-01
3.257433176040649414e-01
3.257433176040649414e-01
3.257433176040649414e-01
3.257433176040649414e-01
3.257433176040649414e-01
3.257433176040649414e-01
3.257433176040649414e-01
3.257433176040649414e-01
3.257433176040649414e-01
3.257433176040649414e-01
3.257433176040649414e-01
3.257433176040649414e-01
3.257433176040649414e-01
3.257433176040649414e-01
3.257433176040649414e-01
3.257433176040649414e-01
3.257433176040649414e-01
3.257433176040649414e-01
6.118519902229309082e-01
8.972613215446472168e-01
7.618660330772399902e-01
9.002202004194259644e-02
-1.280200362205505371e+00
-1.925937652587890625e+00
-1.720280885696411133e+00
-7.988069057464599609e-01
6.489105522632598877e-02
3.257433176040649414e-01
3.257433176040649414e-01
3.257433176040649414e-01
3.257433176040649414e-01
3.257433176040649414e-01
3.257433176040649414e-01
3.257433176040649414e-01
3.257433176040649414e-01
3.257433176040649414e-01
3.257433176040649414e-01
3.257433176040649414e-01
3.257433176040649414e-01
3.257433176040649414e-01
3.257433176040649414e-01
3.257433176040649414e-01
3.257433176040649414e-01
3.257433176040649414e-01
3.257433176040649414e-01
3.257433176040649414e-01
6.606243848800659180e-01
8.803324699401855469e-01
5.637073516845703125e-01
-1.184884235262870789e-01
-1.224345564842224121e+00
-1.749245762825012207e+00
-1.506348609924316406e+00
-5.857334136962890625e-01
2.127747386693954468e-01
3.257433176040649414e-01
3.257433176040649414e-01
3.257433176040649414e-01
3.257433176040649414e-01
3.257433176040649414e-01
3.257433176040649414e-01
3.257433176040649414e-01
3.257433176040649414e-01
3.257433176040649414e-01
3.257433176040649414e-01
3.257433176040649414e-01
3.257433176040649414e-01
3.257433176040649414e-01
3.257433176040649414e-01
3.257433176040649414e-01
3.257433176040649414e-01
3.257433176040649414e-01
3.257433176040649414e-01
3.257433176040649414e-01
6.554685831069946289e-01
5.619560480117797852e-01
-2.531836368143558502e-02
-8.220300078392028809e-01
-1.485102176666259766e+00
-1.561979293823242188e+00
-1.153481960296630859e+00
-3.374771475791931152e-01
2.876704633235931396e-01
3.257433176040649414e-01
3.257433176040649414e-01
3.257433176040649414e-01
3.257433176040649414e-01
3.257433176040649414e-01
3.257433176040649414e-01
