-1.167050641015521251e-06
-1.099376618185488041e-06
4.116132186027243733e-05
-2.946512722701299936e-05
1.293024160986533388e-05
1.417525436409050599e-05
4.566771984100341797e-01
1.014489650726318359e+00
3.511371314525604248e-01
5.207424983382225037e-02
-6.663524345640325919e-07
-1.145145324699115008e-05
-3.070732873311499134e-06
1.311887535848654807e-05
9.456084966659545898e-01
1.166539192199707031e+00
1.139520168304443359e+00
1.022653937339782715e+00
9.592058062553405762e-01
6.543031930923461914e-01
1.218093633651733398e-01
1.010437790682772174e-05
-8.905015420168638229e-06
-1.506136413809144869e-05
2.641300397954182699e-06
1.161246245828806423e-06
2.791977749438956380e-05
3.083686897298321128e-05
1.262206286191940308e-01
1.999749690294265747e-01
2.540133595466613770e-01
-5.357093755264941137e-07
-2.441343531245365739e-05
2.399547884124331176e-05
2.096895332215353847e-05
-5.835931369801983237e-05
2.623448744998313487e-05
6.016198767611058429e-06
1.752127110958099365e-01
-6.673145435343030840e-06
3.382682204246520996e-01
6.718808412551879883e-01
1.552776992321014404e-01
1.655281931161880493e-01
8.839581608772277832e-01
-1.411232005921192467e-05
5.538136959075927734e-01
3.573576211929321289e-01
4.103060066699981689e-01
1.653622537851333618e-01
2.599900960922241211e-01
3.505633771419525146e-01
-1.119310127251083031e-05
7.026712410151958466e-05
-3.042551907128654420e-05
3.535803625709377229e-05
3.985695540904998779e-01
5.461039543151855469e-01
4.728959500789642334e-01
3.937482535839080811e-01
5.893147364258766174e-02
1.504988631495507434e-06
9.047102139447815716e-06
7.238930993480607867e-05
8.129119669320061803e-05
-2.085657251882366836e-05
-1.641176640987396240e-05
-2.619075758047983982e-06
8.255189641204196960e-06
1.651126742362976074e-01
1.325324177742004395e-02
1.677390901022590697e-05
-1.413171503372723237e-05
-1.262187652173452079e-05
-6.239740469027310610e-05
-9.953808330465108156e-05
3.701329478644765913e-05
-1.763306499924510717e-05
-7.154337254178244621e-06
1.057180543284630403e-05
1.931199282407760620e-01
-7.158073003665776923e-06
1.755506559675268363e-06
1.514904670329997316e-05
5.807148772873915732e-05
7.192888733698055148e-05
-4.096957491128705442e-05
4.582295332511421293e-06
-1.149085466749966145e-03
-1.027660346153425053e-05
3.523148894309997559e-01
3.966336250305175781e-01
-1.385444306833960582e-06
4.055509567260742188e-01
5.187957286834716797e-01
-2.858310472220182419e-05
5.818583965301513672e-01
3.609662950038909912e-01
2.174830585718154907e-01
1.186218287330120802e-05
