2.359010577201843262e-01
6.830176115036010742e-01
2.431552708148956299e-01
-1.066969616658752784e-05
5.347507612896151841e-05
2.565695103839971125e-05
-3.097240914939902723e-05
7.568886212538927794e-05
2.360898361075669527e-05
-2.298542767675826326e-06
-3.788053618336562067e-06
1.585044265084434301e-05
-8.283878742076922208e-06
-3.373369690962135792e-05
9.016985859489068389e-05
1.184698430733988062e-05
-3.597531031118705869e-05
-6.209746061358600855e-05
1.061528109858045354e-05
1.431119017070159316e-05
-1.312495351157849655e-05
9.635667502880096436e-02
4.610110819339752197e-01
1.515104472637176514e-01
1.276722559850895777e-05
8.045250773429870605e-01
6.282456160988658667e-05
-1.814927236409857869e-05
3.571552038192749023e-01
-2.225359094154555351e-05
-4.222124971420271322e-06
4.965289831161499023e-01
6.857088804244995117e-01
2.621417343616485596e-01
8.200942829716950655e-06
-2.269307515234686434e-05
-3.014805770362727344e-05
-5.073211650596931577e-05
-2.199641312472522259e-05
2.388789835094939917e-05
1.841879338826402090e-06
5.915524363517761230e-01
4.745025932788848877e-01
-3.208635007467819378e-06
-5.666559081873856485e-05
-7.411024125758558512e-05
6.679260877717752010e-06
-7.194834324764087796e-06
-3.926918725483119488e-05
8.155775503837503493e-06
6.494082510471343994e-02
9.114179611206054688e-01
1.360503673553466797e+00
1.905038714408874512e+00
5.360327122616581619e-06
3.404615199542604387e-05
4.797440487891435623e-05
4.188148977846140042e-06
-3.957291482947766781e-05
2.160288204322569072e-05
4.404012486338615417e-02
1.669514626264572144e-01
6.353653073310852051e-01
9.329539537429809570e-01
-1.136759965447708964e-05
9.977366775274276733e-03
-7.039178308332338929e-05
-3.558611933840438724e-05
3.694615224958397448e-05
-2.093392868118826300e-05
-7.990101948962546885e-06
-1.140686890721553937e-05
-9.167824259748158511e-07
-1.100528061215300113e-05
3.627903652159147896e-06
2.433783083688467741e-05
1.348504301859065890e-04
1.149335429072380066e-01
-1.136746413976652548e-05
1.438301751477411017e-05
1.223286471940809861e-05
1.856890916824340820e-01
4.438234865665435791e-01
1.194254159927368164e-01
2.723301351070404053e-01
2.138443738222122192e-01
-9.072156535694375634e-05
6.004655361175537109e-01
3.210027352906763554e-05
-2.310552872586413287e-06
2.736310079853865318e-06
2.035213559865951538e-01
8.373987860977649689e-03
8.936705853557214141e-06
-5.832950591866392642e-06
-5.987626082060160115e-06
3.715786078828386962e-05
6.636484712362289429e-02
-2.880636384361423552e-05
1.064332947134971619e-01
