-4.741763768834061921e-05
-2.786427467071916908e-05
-5.455622522276826203e-05
1.531830639578402042e-05
1.040523290634155273e+00
1.668502092361450195e-01
1.329348924627993256e-05
1.044141299644252285e-05
-4.169048042967915535e-05
-2.266143201268278062e-05
2.538547050789929926e-06
6.018955537001602352e-05
-1.154839173977961764e-05
-4.325688860262744129e-05
2.003819704055786133e+00
8.345915675163269043e-01
9.108492136001586914e-01
4.506757977651432157e-05
-8.210950909415259957e-05
-1.082296785170910880e-05
-9.987122211896348745e-06
5.160519867786206305e-05
5.412281461758539081e-05
5.224332213401794434e-01
2.924993991851806641e+00
1.354551196098327637e+00
1.572373628616333008e+00
-4.436444214661605656e-05
1.558818257763050497e-05
-1.884638004412408918e-05
-5.610134394373744726e-05
8.446956053376197815e-05
7.830622962501365691e-06
3.412780165672302246e-01
1.194372534751892090e+00
1.292325019836425781e+00
1.877568602561950684e+00
4.977214336395263672e-01
2.167239654227159917e-05
-9.530426723358687013e-06
6.386524910340085626e-05
5.746451643062755466e-05
1.054889366969291586e-07
1.162260900855471846e-06
8.443345129489898682e-02
2.649242105690063909e-06
1.835978507995605469e+00
1.099523663520812988e+00
3.702985850395634770e-06
3.840468707494437695e-05
5.408850847743451595e-05
1.229133340530097485e-05
6.835366366431117058e-05
-5.787118789157830179e-05
-3.370141348568722606e-05
4.548979699611663818e-01
2.529296875000000000e+00
7.154715061187744141e-01
5.155667066574096680e-01
1.997825529542751610e-05
6.503672921098768711e-05
-1.535350929771084338e-05
6.074796328903175890e-05
1.602998963790014386e-05
1.363752961158752441e+00
2.254473417997360229e-01
1.649103641510009766e+00
1.266792878595879301e-06
7.684038281440734863e-01
2.794374631776008755e-05
-6.620938802370801568e-05
5.227588917477987707e-05
2.984322463817079552e-06
-2.988680080306949094e-06
2.749674558639526367e+00
9.349828360427636653e-06
1.310216069221496582e+00
2.680084071471355855e-05
3.201980590820312500e-01
1.701524524833075702e-05
-6.013188976794481277e-05
2.314529046998359263e-05
6.515472705359570682e-06
1.640360355377197266e+00
2.169890403747558594e+00
-7.948029633553232998e-06
8.459163308143615723e-01
1.310044990532333031e-05
-8.706364496902097017e-06
5.443150439532473683e-05
6.639512866968289018e-05
-6.470125663327053189e-05
-5.580483502853894606e-06
1.755095124244689941e+00
9.619327187538146973e-01
1.989351212978363037e-01
2.941590249538421631e-01
4.967412678524851799e-05
-1.535579031042288989e-05
4.712160080089233816e-05
