-5.328809947968693450e-06
-5.328809947968693450e-06
-5.328809947968693450e-06
-5.328809947968693450e-06
-5.328809947968693450e-06
-5.328809947968693450e-06
-5.328809947968693450e-06
-5.328809947968693450e-06
-5.328809947968693450e-06
-5.328809947968693450e-06
-5.328809947968693450e-06
-2.291018290634383447e-06
5.008135758544085547e-06
-6.416162818823067937e-07
-9.693843894638121128e-04
4.293944186883891234e-07
-5.250570666248677298e-06
3.467396163614466786e-05
4.200783951091580093e-05
5.742744542658329010e-05
2.490104816388338804e-05
2.353925265197176486e-05
1.151672222476918250e-05
-5.328809947968693450e-06
-5.328809947968693450e-06
-5.328809947968693450e-06
-5.328809947968693450e-06
-5.328809947968693450e-06
-5.328809947968693450e-06
-5.328809947968693450e-06
-5.328809947968693450e-06
-5.328809947968693450e-06
-5.328809947968693450e-06
-5.328809947968693450e-06
-5.328809947968693450e-06
-5.328809947968693450e-06
-5.328809947968693450e-06
-3.494954853522358462e-06
7.254212164298223797e-07
1.178711954707978293e-06
3.203550477337557822e-06
1.361672457278473303e-05
-3.210849536117166281e-05
-6.949070211703656241e-06
-7.629634637851268053e-06
-2.554308412072714418e-05
9.573980787536129355e-05
1.847256862674839795e-05
-5.771807627752423286e-05
6.481083255494013429e-05
1.558138137625064701e-05
-5.328809947968693450e-06
-5.328809947968693450e-06
-5.328809947968693450e-06
-5.328809947968693450e-06
-5.328809947968693450e-06
-5.328809947968693450e-06
-5.328809947968693450e-06
-5.328809947968693450e-06
-5.328809947968693450e-06
-5.328809947968693450e-06
-5.328809947968693450e-06
-5.328809947968693450e-06
-5.328809947968693450e-06
4.736760729429079220e-06
4.249696303304517642e-06
2.348589760003960691e-06
2.494252385076833889e-06
1.079229332390241325e-05
3.012092020071577281e-05
1.460607199987862259e-05
3.338790338602848351e-05
-1.583539051353000104e-05
2.718002633628202602e-06
9.591904282569885254e-02
-2.001818575081415474e-05
-1.746442831063177437e-05
5.520929698832333088e-05
1.904167402244638652e-05
-5.328809947968693450e-06
-5.328809947968693450e-06
-5.328809947968693450e-06
-5.328809947968693450e-06
-5.328809947968693450e-06
-5.328809947968693450e-06
-5.328809947968693450e-06
-5.328809947968693450e-06
-5.328809947968693450e-06
-5.328809947968693450e-06
-5.328809947968693450e-06
-5.328809947968693450e-06
-5.328809947968693450e-06
-1.867731043603271246e-06
-1.386415533488616347e-06
-7.856228876335080713e-06
-1.170013456430751830e-05
1.774588376283645630e-01
6.257825493812561035e-01
4.242874085903167725e-01
7.765931487083435059e-01
1.797914624214172363e+00
2.973461627960205078e+00
3.489416599273681641e+00
2.856139898300170898e+00
1.787324666976928711e+00
5.811665654182434082e-01
-5.432433226815192029e-06
-5.328809947968693450e-06
-5.328809947968693450e-06
-5.328809947968693450e-06
-5.328809947968693450e-06
-5.328809947968693450e-06
-5.328809947968693450e-06
-5.328809947968693450e-06
-5.328809947968693450e-06
-5.328809947968693450e-06
-5.328809947968693450e-06
-5.328809947968693450e-06
-5.328809947968693450e-06
-5.328809947968693450e-06
2.053622665698640049e-06
1.714886138870497234e-06
-3.086408105446025729e-05
8.622910976409912109e-01
1.707458376884460449e+00
2.225103855133056641e+00
2.430949449539184570e+00
2.363485336303710938e+00
2.755467653274536133e+00
3.195327997207641602e+00
2.954965829849243164e+00
2.603358983993530273e+00
2.070235013961791992e+00
9.390568733215332031e-01
5.708782002329826355e-02
-5.328809947968693450e-06
-5.328809947968693450e-06
-5.328809947968693450e-06
-5.328809947968693450e-06
-5.328809947968693450e-06
-5.328809947968693450e-06
-5.328809947968693450e-06
-5.328809947968693450e-06
-5.328809947968693450e-06
-5.328809947968693450e-06
-5.328809947968693450e-06
-5.328809947968693450e-06
8.433012226305436343e-07
5.414286988525418565e-06
-5.001509180146967992e-06
6.542564034461975098e-01
1.594203233718872070e+00
1.735736370086669922e+00
2.000792264938354492e+00
2.283797264099121094e+00
1.772131443023681641e+00
8.386105298995971680e-01
8.546384378860238940e-06
-2.773759661067742854e-05
-1.158821305580204353e-05
-8.241531322710216045e-04
-6.307455350906820968e-06
-1.134051899498444982e-06
-5.328809947968693450e-06
-5.328809947968693450e-06
-5.328809947968693450e-06
-5.328809947968693450e-06
-5.328809947968693450e-06
-5.328809947968693450e-06
-5.328809947968693450e-06
-5.328809947968693450e-06
-5.328809947968693450e-06
-5.328809947968693450e-06
-5.328809947968693450e-06
-5.328809947968693450e-06
-7.054938464534643572e-07
5.813609277538489550e-06
5.369554162025451660e-01
1.677153944969177246e+00
2.015024423599243164e+00
1.323504924774169922e+00
1.447480099159292877e-05
5.703857095795683563e-05
-6.110427784733474255e-05
8.422500104643404484e-05
9.740680252434685826e-05
3.926005229004658759e-05
-3.874491085298359394e-05
-4.251960126566700637e-05
2.532556209189351648e-05
1.338163838227046654e-05
-5.328809947968693450e-06
-5.328809947968693450e-06
-5.328809947968693450e-06
-5.328809947968693450e-06
-5.328809947968693450e-06
-5.328809947968693450e-06
-5.328809947968693450e-06
-5.328809947968693450e-06
-5.328809947968693450e-06
-5.328809947968693450e-06
-5.328809947968693450e-06
-5.328809947968693450e-06
5.853590664628427476e-06
3.891201615333557129e-01
1.054422140121459961e+00
1.325943231582641602e+00
1.639836192131042480e+00
5.296680927276611328e-01
2.239082095911726356e-05
-1.446907117497175932e-04
-6.116149052104447037e-06
8.491889457218348980e-05
-6.195166497491300106e-05
5.021327160648070276e-05
-1.843064092099666595e-05
6.181789649417623878e-05
-6.977644716243958101e-06
-5.328809947968693450e-06
-5.328809947968693450e-06
-5.328809947968693450e-06
-5.328809947968693450e-06
-5.328809947968693450e-06
-5.328809947968693450e-06
-5.328809947968693450e-06
-5.328809947968693450e-06
-5.328809947968693450e-06
-5.328809947968693450e-06
-5.328809947968693450e-06
-5.328809947968693450e-06
-5.328809947968693450e-06
6.101728975772857666e-02
4.573890566825866699e-01
4.280697703361511230e-01
7.543818652629852295e-02
7.804022431373596191e-01
8.429386615753173828e-01
-5.744488225900568068e-05
-3.812747308984398842e-05
-7.748993084533140063e-05
3.198233753209933639e-05
-1.282446987715957221e-06
-3.181191641488112509e-05
-7.317755807889625430e-05
3.019313680852064863e-06
-6.617391773033887148e-05
-5.328809947968693450e-06
-5.328809947968693450e-06
-5.328809947968693450e-06
-5.328809947968693450e-06
-5.328809947968693450e-06
-5.328809947968693450e-06
-5.328809947968693450e-06
-5.328809947968693450e-06
-5.328809947968693450e-06
-5.328809947968693450e-06
-5.328809947968693450e-06
-5.328809947968693450e-06
-5.328809947968693450e-06
-5.207349313423037529e-04
9.607161581516265869e-02
1.823005186452064663e-05
3.203596497769467533e-05
1.875062733888626099e-01
1.670228362083435059e+00
8.059349060058593750e-01
-6.147123349364846945e-05
-7.945535617182031274e-05
-3.406040195841342211e-05
-7.588396329083479941e-06
3.446763457759516314e-06
2.785604010568931699e-05
2.055596996797248721e-05
3.977650339948013425e-05
-5.328809947968693450e-06
-5.328809947968693450e-06
-5.328809947968693450e-06
-5.328809947968693450e-06
-5.328809947968693450e-06
-5.328809947968693450e-06
-5.328809947968693450e-06
-5.328809947968693450e-06
-5.328809947968693450e-06
-5.328809947968693450e-06
-5.328809947968693450e-06
-5.328809947968693450e-06
-5.328809947968693450e-06
-6.141939138615271077e-06
1.978030240934458561e-06
1.796654396457597613e-05
-4.276437539374455810e-05
3.531289110014768085e-07
2.266770362854003906e+00
2.250640153884887695e+00
1.154570600192528218e-05
3.791448034462518990e-05
3.967817519878735766e-06
8.825904726982116699e-01
9.920749068260192871e-01
1.052606463432312012e+00
8.389328122138977051e-01
1.580399125814437866e-01
-5.328809947968693450e-06
-5.328809947968693450e-06
-5.328809947968693450e-06
-5.328809947968693450e-06
-5.328809947968693450e-06
-5.328809947968693450e-06
-5.328809947968693450e-06
-5.328809947968693450e-06
-5.328809947968693450e-06
-5.328809947968693450e-06
-5.328809947968693450e-06
-5.328809947968693450e-06
-5.328809947968693450e-06
-7.124761395971290767e-06
9.008031338453292847e-02
2.624529413878917694e-02
3.821112113655544817e-05
-1.288272051169769838e-05
2.237049579620361328e+00
3.589880466461181641e+00
2.221135854721069336e+00
8.323444724082946777e-01
6.879703998565673828e-01
7.465474009513854980e-01
6.514863967895507812e-01
1.275068759918212891e+00
1.282172083854675293e+00
2.534140646457672119e-01
-5.328809947968693450e-06
-5.328809947968693450e-06
-5.328809947968693450e-06
-5.328809947968693450e-06
-5.328809947968693450e-06
-5.328809947968693450e-06
-5.328809947968693450e-06
-5.328809947968693450e-06
-5.328809947968693450e-06
-5.328809947968693450e-06
-5.328809947968693450e-06
-5.328809947968693450e-06
-5.328809947968693450e-06
-5.328809947968693450e-06
1.135241538286209106e-01
1.674865372478961945e-02
5.269579560263082385e-05
2.236089130747132003e-05
1.435763597488403320e+00
4.369591712951660156e+00
4.491976261138916016e+00
2.133937120437622070e+00
6.916869282722473145e-01
-1.472797407586767804e-06
9.775691296454169787e-07
3.457306623458862305e-01
2.630749642848968506e-01
1.651720776862930506e-05
-5.328809947968693450e-06
-5.328809947968693450e-06
-5.328809947968693450e-06
-5.328809947968693450e-06
-5.328809947968693450e-06
-5.328809947968693450e-06
-5.328809947968693450e-06
-5.328809947968693450e-06
-5.328809947968693450e-06
-5.328809947968693450e-06
-5.328809947968693450e-06
-5.328809947968693450e-06
-5.328809947968693450e-06
-5.328809947968693450e-06
8.261814627985586412e-07
-6.315176506177522242e-06
1.671589052421040833e-05
-2.982388650707434863e-05
-6.108896741352509707e-06
2.175570726394653320e+00
2.959873914718627930e+00
9.532751441001892090e-01
-2.555436367401853204e-06
-6.848048360552638769e-05
4.315730984671972692e-05
1.596550828253384680e-05
4.932934189127990976e-06
-9.380778465128969401e-06
-5.328809947968693450e-06
-5.328809947968693450e-06
-5.328809947968693450e-06
-5.328809947968693450e-06
-5.328809947968693450e-06
-5.328809947968693450e-06
-5.328809947968693450e-06
-5.328809947968693450e-06
-5.328809947968693450e-06
-5.328809947968693450e-06
-5.328809947968693450e-06
-5.328809947968693450e-06
-5.328809947968693450e-06
-5.328809947968693450e-06
-3.876548362313769758e-06
9.126452823693398386e-06
3.267300417064689100e-05
-2.187595418945420533e-05
-2.917104393418412656e-05
6.377566933224443346e-06
1.262044012546539307e-01
-5.758579391113016754e-06
4.508568599703721702e-05
3.995249426225200295e-05
1.000492848106659949e-04
-1.496835466241464019e-05
2.327596121176611632e-05
-5.328809947968693450e-06
-5.328809947968693450e-06
-5.328809947968693450e-06
-5.328809947968693450e-06
-5.328809947968693450e-06
-5.328809947968693450e-06
-5.328809947968693450e-06
-5.328809947968693450e-06
-5.328809947968693450e-06
-5.328809947968693450e-06
-5.328809947968693450e-06
-5.328809947968693450e-06
-5.328809947968693450e-06
-5.328809947968693450e-06
-5.328809947968693450e-06
-2.189739007008029148e-06
1.196825905935838819e-06
-6.135027888376498595e-06
5.906686931848526001e-02
1.011353924695868045e-05
-1.752368734742049128e-05
-2.790597500279545784e-05
7.328812777996063232e-02
7.508235573768615723e-01
3.298705632914789021e-05
-7.083352102199569345e-05
6.273254257394000888e-05
-2.009580384765285999e-05
-5.328809947968693450e-06
-5.328809947968693450e-06
-5.328809947968693450e-06
-5.328809947968693450e-06
-5.328809947968693450e-06
-5.328809947968693450e-06
-5.328809947968693450e-06
-5.328809947968693450e-06
-5.328809947968693450e-06
-5.328809947968693450e-06
-5.328809947968693450e-06
-5.328809947968693450e-06
-5.328809947968693450e-06
-5.328809947968693450e-06
-5.328809947968693450e-06
6.165339527797186747e-08
1.259492784738540649e-01
6.962455511093139648e-01
1.220803380012512207e+00
8.686529397964477539e-01
3.371686935424804688e-01
1.889672130346298218e-01
1.291817903518676758e+00
2.759171247482299805e+00
7.624576687812805176e-01
-5.767259790445677936e-05
-8.823844837024807930e-05
2.986557228723540902e-05
-5.328809947968693450e-06
-5.328809947968693450e-06
-5.328809947968693450e-06
-5.328809947968693450e-06
-5.328809947968693450e-06
-5.328809947968693450e-06
-5.328809947968693450e-06
-5.328809947968693450e-06
-5.328809947968693450e-06
-5.328809947968693450e-06
-5.328809947968693450e-06
-5.328809947968693450e-06
-5.328809947968693450e-06
-5.328809947968693450e-06
-5.328809947968693450e-06
1.555435359477996826e-02
3.231573700904846191e-01
8.505784273147583008e-01
1.308214545249938965e+00
9.815456271171569824e-01
6.379360002028988674e-06
2.044426400971133262e-05
1.418499827384948730e+00
3.288925409317016602e+00
1.857253670692443848e+00
-1.412908659403910860e-05
-8.140418503899127245e-05
1.059216356225078925e-05
-5.328809947968693450e-06
-5.328809947968693450e-06
-5.328809947968693450e-06
-5.328809947968693450e-06
-5.328809947968693450e-06
-5.328809947968693450e-06
-5.328809947968693450e-06
-5.328809947968693450e-06
-5.328809947968693450e-06
-5.328809947968693450e-06
-5.328809947968693450e-06
-5.328809947968693450e-06
-5.328809947968693450e-06
-5.328809947968693450e-06
-5.328809947968693450e-06
1.166969090700149536e-01
3.951158523559570312e-01
4.762847125530242920e-01
9.133750200271606445e-01
5.915417075157165527e-01
3.246812411816790700e-05
1.036350950016640127e-04
1.712452672109066043e-06
2.444827079772949219e+00
2.309670448303222656e+00
6.078128814697265625e-01
5.888309169677086174e-05
-5.494484867085702717e-06
-5.328809947968693450e-06
-5.328809947968693450e-06
-5.328809947968693450e-06
-5.328809947968693450e-06
-5.328809947968693450e-06
-5.328809947968693450e-06
-5.328809947968693450e-06
-5.328809947968693450e-06
-5.328809947968693450e-06
-5.328809947968693450e-06
-5.328809947968693450e-06
-5.328809947968693450e-06
-5.328809947968693450e-06
-5.328809947968693450e-06
-5.328809947968693450e-06
1.816952526569366455e-01
3.429991304874420166e-01
1.185667088066111319e-06
2.350006550550460815e-01
7.884523868560791016e-01
-4.418291609908919781e-06
1.264720049221068621e-04
-8.834549225866794586e-05
1.140315651893615723e+00
1.737765908241271973e+00
9.082175493240356445e-01
4.268287375452928245e-05
-5.408587821875698864e-05
-5.328809947968693450e-06
-5.328809947968693450e-06
-5.328809947968693450e-06
-5.328809947968693450e-06
-5.328809947968693450e-06
-5.328809947968693450e-06
-5.328809947968693450e-06
-5.328809947968693450e-06
-5.328809947968693450e-06
-5.328809947968693450e-06
-5.328809947968693450e-06
-5.328809947968693450e-06
-5.328809947968693450e-06
-5.328809947968693450e-06
-5.328809947968693450e-06
1.217150017619132996e-01
1.683096736669540405e-01
1.431594682799186558e-05
1.261518448591232300e-01
1.815417766571044922e+00
8.308030962944030762e-01
-5.524131120182573795e-05
-6.074376869946718216e-05
1.009208790492266417e-05
6.151244044303894043e-01
7.665624022483825684e-01
-3.363542418810538948e-06
2.829493678291328251e-05
-5.328809947968693450e-06
-5.328809947968693450e-06
-5.328809947968693450e-06
-5.328809947968693450e-06
-5.328809947968693450e-06
-5.328809947968693450e-06
-5.328809947968693450e-06
-5.328809947968693450e-06
-5.328809947968693450e-06
-5.328809947968693450e-06
-5.328809947968693450e-06
-5.328809947968693450e-06
-5.328809947968693450e-06
-5.328809947968693450e-06
-5.328809947968693450e-06
2.378504276275634766e-01
3.481600880622863770e-01
2.451016734994482249e-05
-3.696249405038543046e-05
1.796360850334167480e+00
2.564434528350830078e+00
5.398400026024319232e-05
-5.728575706598348916e-05
-1.316247744398424402e-05
1.804492063820362091e-02
9.209935069084167480e-01
6.816592812538146973e-01
-4.352106316218851134e-06
-5.328809947968693450e-06
-5.328809947968693450e-06
-5.328809947968693450e-06
-5.328809947968693450e-06
-5.328809947968693450e-06
-5.328809947968693450e-06
-5.328809947968693450e-06
-5.328809947968693450e-06
-5.328809947968693450e-06
-5.328809947968693450e-06
-5.328809947968693450e-06
-5.328809947968693450e-06
-5.328809947968693450e-06
-5.328809947968693450e-06
-5.328809947968693450e-06
5.636971816420555115e-02
-1.592932107996603008e-06
-1.728918505250476301e-05
-3.469047078397125006e-05
2.409329414367675781e+00
4.543330192565917969e+00
2.010695695877075195e+00
-1.503435214544879273e-05
2.513404069759417325e-06
-4.128858563490211964e-06
8.290615677833557129e-01
8.681198358535766602e-01
-3.453704630373977125e-05
-5.328809947968693450e-06
-5.328809947968693450e-06
-5.328809947968693450e-06
-5.328809947968693450e-06
-5.328809947968693450e-06
-5.328809947968693450e-06
-5.328809947968693450e-06
-5.328809947968693450e-06
-5.328809947968693450e-06
-5.328809947968693450e-06
-5.328809947968693450e-06
-5.328809947968693450e-06
-5.328809947968693450e-06
-5.328809947968693450e-06
-5.328809947968693450e-06
2.020896999965771101e-06
1.721261583043087739e-06
-2.916705307143274695e-05
-2.644403139129281044e-06
1.380500555038452148e+00
4.489596366882324219e+00
4.143880367279052734e+00
1.729472041130065918e+00
3.189682960510253906e-01
5.883845460630254820e-06
2.702426910400390625e-01
1.711770445108413696e-01
-1.268594223802210763e-05
-5.328809947968693450e-06
-5.328809947968693450e-06
-5.328809947968693450e-06
-5.328809947968693450e-06
-5.328809947968693450e-06
-5.328809947968693450e-06
-5.328809947968693450e-06
-5.328809947968693450e-06
-5.328809947968693450e-06
-5.328809947968693450e-06
-5.328809947968693450e-06
-5.328809947968693450e-06
-5.328809947968693450e-06
-5.328809947968693450e-06
-5.328809947968693450e-06
-7.503922461182810366e-07
4.511284455657005310e-02
-2.004069392569363117e-05
5.681825496139936149e-05
6.997998411861772183e-07
2.203138828277587891e+00
2.508749723434448242e+00
1.270048856735229492e+00
6.547691822052001953e-01
1.873981356620788574e-01
-1.080560423361021094e-06
1.490414160798536614e-05
3.203992491762619466e-06
-5.328809947968693450e-06
-5.328809947968693450e-06
-5.328809947968693450e-06
-5.328809947968693450e-06
-5.328809947968693450e-06
-5.328809947968693450e-06
-5.328809947968693450e-06
-5.328809947968693450e-06
-5.328809947968693450e-06
-5.328809947968693450e-06
-5.328809947968693450e-06
-5.328809947968693450e-06
-5.328809947968693450e-06
-5.328809947968693450e-06
-5.328809947968693450e-06
6.464677426265552640e-06
5.291494744597002864e-06
-5.014178441342664883e-07
6.321512773865833879e-05
1.086569682229310274e-04
-5.875908755115233362e-06
-7.627720333402976394e-05
1.296198843192541972e-05
-2.666545924512320198e-06
-3.853905582218430936e-06
-1.171124949905788526e-05
-1.704545684333425015e-05
3.296132945251883939e-06
-5.328809947968693450e-06
-5.328809947968693450e-06
-5.328809947968693450e-06
-5.328809947968693450e-06
-5.328809947968693450e-06
-5.328809947968693450e-06
-5.328809947968693450e-06
-5.328809947968693450e-06
-5.328809947968693450e-06
-5.328809947968693450e-06
-5.328809947968693450e-06
-5.328809947968693450e-06
-5.328809947968693450e-06
-5.328809947968693450e-06
-5.328809947968693450e-06
-5.538368554880435113e-07
-9.546355613565538079e-06
1.122563617173000239e-06
5.603340105153620243e-05
1.031618885463103652e-04
4.868748874287120998e-05
-1.331149978796020150e-04
-1.561212957312818617e-05
-4.533298124442808330e-05
3.407971962587907910e-05
2.026561378443147987e-05
7.133202871045796201e-06
-5.328809947968693450e-06
-5.328809947968693450e-06
-5.328809947968693450e-06
-5.328809947968693450e-06
-5.328809947968693450e-06
-5.328809947968693450e-06
-5.328809947968693450e-06
-5.328809947968693450e-06
-5.328809947968693450e-06
-5.328809947968693450e-06
-5.328809947968693450e-06
-5.328809947968693450e-06
-5.328809947968693450e-06
-5.328809947968693450e-06
-5.328809947968693450e-06
-5.328809947968693450e-06
-5.328809947968693450e-06
-7.124761395971290767e-06
1.094959588954225183e-05
1.348222394881304353e-05
-4.887605246040038764e-05
8.292678103316575289e-06
-1.417391285940539092e-05
-3.375966480234637856e-05
4.032553533761529252e-06
5.616575890599051490e-06
6.124133165030798409e-07
1.667486230871872976e-06
-5.328809947968693450e-06
-5.328809947968693450e-06
-5.328809947968693450e-06
-5.328809947968693450e-06
-5.328809947968693450e-06
-5.328809947968693450e-06
-5.328809947968693450e-06
-5.328809947968693450e-06
