5.743413112213602290e-06
3.042369098693598062e-05
2.620255947113037109e-01
4.090352831553900614e-06
1.200045608129585162e-05
7.006081342697143555e-01
1.370174595649586990e-05
-3.689345248858444393e-05
-6.419678538804873824e-05
8.668840564496349543e-06
-4.211856867186725140e-05
-2.103153383359313011e-05
9.593555927276611328e-01
7.484897971153259277e-01
1.211518421769142151e-01
5.989223718643188477e-02
5.003232945455238223e-05
-6.798657705076038837e-05
-3.719872620422393084e-05
1.915317625389434397e-05
-1.087537384591996670e-05
-1.110951532609760761e-03
1.608356475830078125e+00
9.820577502250671387e-01
4.137143790721893311e-01
7.315880060195922852e-02
1.532619717181660235e-05
9.752866390044800937e-06
-2.260863584524486214e-05
3.057463254663161933e-05
-2.965341263916343451e-05
6.116756139817880467e-06
1.436321377754211426e+00
1.320420622825622559e+00
6.258391737937927246e-01
1.723547939036507159e-05
3.196947091055335477e-06
2.672870755195617676e-01
4.448615800356492400e-05
4.509145219344645739e-05
-3.236326301703229547e-05
-2.509512341930530965e-05
1.254401206970214844e+00
1.783326506614685059e+00
6.087328195571899414e-01
-6.924897752469405532e-05
2.339337766170501709e-01
-5.703619535779580474e-05
-2.089353256451431662e-05
-2.529413359297905117e-05
-1.085001076717162505e-05
-2.015006793953943998e-05
7.902234196662902832e-01
1.492152929306030273e+00
4.818974137306213379e-01
1.205614353239070624e-05
5.602138116955757141e-05
-5.063212302047759295e-05
5.993848026264458895e-05
2.112263791786972433e-05
2.527121978346258402e-05
2.506896998966112733e-05
7.756668329238891602e-01
9.394438862800598145e-01
2.074654817581176758e+00
5.031948089599609375e-01
9.315963689005002379e-05
2.908187707362230867e-05
-5.175073602003976703e-05
2.781983494060114026e-05
-4.357535726740024984e-05
-1.806807631510309875e-05
1.377288103103637695e+00
1.275312662124633789e+00
2.957470655441284180e+00
1.039250850677490234e+00
1.037015099427662790e-04
-8.863893890520557761e-05
3.820560232270509005e-05
-3.377489701961167157e-05
3.216213826817693189e-06
-6.479378498625010252e-06
1.509813189506530762e+00
1.473198413848876953e+00
1.733203768730163574e+00
2.959887310862541199e-02
-4.730805449071340263e-05
-8.867773431120440364e-05
-3.518644734867848456e-05
3.500331513350829482e-05
-4.006954259239137173e-05
-5.543455472434288822e-07
1.074049353599548340e+00
1.616083979606628418e+00
3.204734027385711670e-01
-3.133070094918366522e-06
1.010010689496994019e-01
1.203216888825409114e-04
-4.348197398940101266e-05
4.781956704391632229e-06
