-4.723997712135314941e-01
-9.045773744583129883e-01
-1.019561648368835449e+00
1.100656911730766296e-01
4.161181151866912842e-01
6.673739850521087646e-02
-2.161144465208053589e-01
-1.054167032241821289e+00
7.312613129615783691e-01
2.647101640701293945e+00
-1.124034747481346130e-01
-3.535643219947814941e-01
-1.265109539031982422e+00
7.148721218109130859e-01
8.916201591491699219e-01
9.993845820426940918e-01
1.192868053913116455e-01
-2.039008617401123047e+00
1.256455540657043457e+00
3.207697868347167969e+00
-1.508689522743225098e+00
-3.037829160690307617e+00
-4.285637855529785156e+00
-2.103998184204101562e+00
-2.059079170227050781e+00
-1.910374641418457031e+00
-2.646079778671264648e+00
-4.803052425384521484e+00
5.776510238647460938e-01
3.091433525085449219e+00
5.491614341735839844e-01
-2.026650190353393555e+00
-3.342493534088134766e+00
-1.351625204086303711e+00
-1.191362857818603516e+00
-6.702780723571777344e-01
-1.790981173515319824e+00
-5.101787090301513672e+00
-1.084849715232849121e+00
2.159507989883422852e+00
1.226695895195007324e+00
1.675240516662597656e+00
-7.023330330848693848e-01
5.679081678390502930e-01
5.968250706791877747e-02
3.041992485523223877e-01
-6.613185405731201172e-01
-4.265520095825195312e+00
-9.118344187736511230e-01
2.276417255401611328e+00
7.620310187339782715e-01
1.613335251808166504e+00
6.778053641319274902e-01
-7.326488941907882690e-02
-6.987885832786560059e-01
2.707313299179077148e-01
8.576383441686630249e-02
-4.289947986602783203e+00
-4.595668315887451172e-01
2.516304731369018555e+00
1.073183894157409668e+00
1.695689082145690918e+00
1.325853466987609863e+00
-2.316657220944762230e-03
-2.153037637472152710e-01
2.146999835968017578e-01
-5.863559842109680176e-01
-4.784575462341308594e+00
1.335019897669553757e-02
2.441010475158691406e+00
1.351718068122863770e+00
1.250576257705688477e+00
1.034573316574096680e+00
2.253676354885101318e-01
1.456643044948577881e-01
1.014015600085258484e-01
-1.415469050407409668e+00
-4.680456638336181641e+00
3.351779282093048096e-01
2.266023397445678711e+00
1.204293727874755859e+00
1.200048804283142090e+00
9.589228630065917969e-01
1.462098211050033569e-01
2.673794031143188477e-01
1.829407960176467896e-01
-1.720469236373901367e+00
-4.361925125122070312e+00
9.290617704391479492e-01
1.975065350532531738e+00
1.200870156288146973e+00
1.200870156288146973e+00
9.631453156471252441e-01
9.901548922061920166e-02
2.994602322578430176e-01
4.504909738898277283e-02
-2.547366142272949219e+00
-3.901722908020019531e+00
1.060833096504211426e+00
1.498563766479492188e+00
