-1.119935586757492274e-05
-6.875948201923165470e-06
6.561641203006729484e-05
1.764108856150414795e-05
1.365141421556472778e-01
-3.209532223991118371e-06
3.370305299758911133e-01
6.021010875701904297e-02
2.398986362095456570e-05
6.055471658328315243e-06
2.472990602254867554e-01
4.773454666137695312e-01
-4.045593232149258256e-05
1.284793052036548033e-05
1.018419742584228516e+00
3.873543391819112003e-05
3.014748096466064453e-01
6.933555006980895996e-01
7.074184715747833252e-02
1.429767310619354248e-01
4.815838038921356201e-01
1.029791116714477539e+00
8.786869329924229532e-06
-1.029513896355638281e-05
-5.415330451796762645e-05
7.993275357875972986e-05
1.086527627194300294e-04
1.643276732465892565e-06
6.715266108512878418e-01
1.546551138162612915e-01
5.500528812408447266e-01
1.726921796798706055e+00
1.405676960945129395e+00
-5.632827014778740704e-05
-4.099094894627342001e-06
-8.864131086738780141e-05
-8.181547309504821897e-05
4.125881195068359375e-01
7.386934757232666016e-02
-1.270444499823497608e-05
1.345966011285781860e-01
8.652918338775634766e-01
1.114399075508117676e+00
5.905697941780090332e-01
-2.258548920508474112e-05
-8.299700311908964068e-06
5.972693562507629395e-01
2.538158893585205078e-01
4.960419391863979399e-05
6.364595719787757844e-06
2.264171826027450152e-06
-6.010176093695918098e-06
2.007315015362109989e-05
1.418786541762528941e-05
7.269433262990787625e-05
2.234504790976643562e-05
1.629662513732910156e+00
4.310903386794961989e-05
4.828089367947541177e-05
-1.134385274781379849e-05
-9.946642194336163811e-07
-5.456428880279418081e-06
2.790300641208887100e-05
7.701618075370788574e-01
-5.435707407741574571e-06
-4.414877912495285273e-05
1.003109693527221680e+00
2.783779200399294496e-05
1.156019720838230569e-06
7.589508641103748232e-06
2.412461042404174805e-01
1.759514361619949341e-01
-2.494354521331842989e-05
1.068054098141146824e-05
6.906338930130004883e-01
2.791413962841033936e-01
1.338961273431777954e-01
-2.393373506492935121e-05
-9.351749099550943356e-07
3.607134893536567688e-02
4.247191846370697021e-01
1.452991366386413574e+00
1.060287833213806152e+00
3.473613105597905815e-05
3.098796878475695848e-05
4.311006250645732507e-06
-4.831990736420266330e-06
4.563582933769794181e-07
-1.422894729330437258e-05
2.313805669546127319e-01
3.542391657829284668e-01
1.512810945510864258e+00
2.098228693008422852e+00
2.146533727645874023e+00
-2.789322388707660139e-05
4.674413867178373039e-05
-7.634477697138208896e-06
-2.527776587157859467e-06
-2.478549322404433042e-05
6.162695884704589844e-01
