6.575827002525329590e-01
6.575827002525329590e-01
6.575827002525329590e-01
6.575827002525329590e-01
6.575827002525329590e-01
6.575827002525329590e-01
6.575827002525329590e-01
6.575827002525329590e-01
6.575827002525329590e-01
6.575827002525329590e-01
6.575827002525329590e-01
6.551042199134826660e-01
6.205239295959472656e-01
4.817263484001159668e-01
2.786883413791656494e-01
1.843320131301879883e-01
2.706347107887268066e-01
5.100092291831970215e-01
8.388938307762145996e-01
1.039657473564147949e+00
9.919369816780090332e-01
8.321392536163330078e-01
6.889671683311462402e-01
6.575827002525329590e-01
6.575827002525329590e-01
6.575827002525329590e-01
6.575827002525329590e-01
6.575827002525329590e-01
6.575827002525329590e-01
6.575827002525329590e-01
6.575827002525329590e-01
6.575827002525329590e-01
6.575827002525329590e-01
6.575827002525329590e-01
6.575827002525329590e-01
6.575827002525329590e-01
6.575827002525329590e-01
6.330040693283081055e-01
5.382493138313293457e-01
3.899809718132019043e-01
2.588003873825073242e-01
4.762732982635498047e-02
-1.439710013073636219e-05
1.804910425562411547e-05
7.729428034508600831e-06
1.109205782413482666e-01
9.111291170120239258e-01
1.501405239105224609e+00
1.514563679695129395e+00
1.147518992424011230e+00
7.559896707534790039e-01
6.575827002525329590e-01
6.575827002525329590e-01
6.575827002525329590e-01
6.575827002525329590e-01
6.575827002525329590e-01
6.575827002525329590e-01
6.575827002525329590e-01
6.575827002525329590e-01
6.575827002525329590e-01
6.575827002525329590e-01
6.575827002525329590e-01
6.575827002525329590e-01
6.575827002525329590e-01
6.501597762107849121e-01
5.394273996353149414e-01
1.619457155466079712e-01
-1.716315091471187770e-05
1.717470513540320098e-05
2.845827475539408624e-05
5.925577966081618797e-07
-1.617514317331369966e-05
-2.175582812924403697e-05
1.643813629925716668e-05
4.075103998184204102e-01
1.211692810058593750e+00
1.475965142250061035e+00
1.144110441207885742e+00
7.722148895263671875e-01
6.575827002525329590e-01
6.575827002525329590e-01
6.575827002525329590e-01
6.575827002525329590e-01
6.575827002525329590e-01
6.575827002525329590e-01
6.575827002525329590e-01
6.575827002525329590e-01
6.575827002525329590e-01
6.575827002525329590e-01
6.575827002525329590e-01
6.575827002525329590e-01
6.575827002525329590e-01
6.020973324775695801e-01
3.186592757701873779e-01
6.247229521250119433e-06
4.895003075944259763e-05
-6.238078640308231115e-05
-3.970764737459830940e-05
4.070581780979409814e-05
-2.838369982782751322e-05
-3.802938226726837456e-05
1.902198346215300262e-05
9.241291880607604980e-02
7.732111811637878418e-01
9.986108541488647461e-01
7.518250346183776855e-01
6.780782341957092285e-01
6.575827002525329590e-01
6.575827002525329590e-01
6.575827002525329590e-01
6.575827002525329590e-01
6.575827002525329590e-01
6.575827002525329590e-01
6.575827002525329590e-01
6.575827002525329590e-01
6.575827002525329590e-01
6.575827002525329590e-01
6.575827002525329590e-01
6.575827002525329590e-01
6.575827002525329590e-01
4.389226734638214111e-01
2.592515329524758272e-06
4.809791789739392698e-05
3.966110307374037802e-05
-8.240610623033717275e-05
5.667699224431999028e-05
-2.601544656499754637e-05
-5.238056110101751983e-05
4.644795262720435858e-05
-3.130699769826605916e-05
1.117638385039754212e-05
5.601541399955749512e-01
7.822158932685852051e-01
5.372866988182067871e-01
6.002036333084106445e-01
6.575827002525329590e-01
6.575827002525329590e-01
6.575827002525329590e-01
6.575827002525329590e-01
6.575827002525329590e-01
6.575827002525329590e-01
6.575827002525329590e-01
6.575827002525329590e-01
6.575827002525329590e-01
6.575827002525329590e-01
6.575827002525329590e-01
6.575827002525329590e-01
5.641247034072875977e-01
1.663181483745574951e-01
-2.820275221893098205e-05
7.530485163442790508e-05
-1.096888172469334677e-05
-5.101092756376601756e-05
3.728531737579032779e-05
4.713289854407776147e-06
5.010129098081961274e-05
3.344458673382177949e-05
-7.887756510172039270e-06
-2.660152631506207399e-06
3.869852721691131592e-01
6.715241074562072754e-01
5.547039508819580078e-01
5.996304154396057129e-01
6.575827002525329590e-01
6.575827002525329590e-01
6.575827002525329590e-01
6.575827002525329590e-01
6.575827002525329590e-01
6.575827002525329590e-01
6.575827002525329590e-01
6.575827002525329590e-01
6.575827002525329590e-01
6.575827002525329590e-01
6.575827002525329590e-01
6.575827002525329590e-01
5.488929748535156250e-01
6.056137382984161377e-02
8.253856321971397847e-06
1.191561968880705535e-04
1.402406724082538858e-06
6.608889816561713815e-05
-2.272110032208729535e-05
1.351556329609593377e-05
-2.410616252745967358e-05
2.243666131107602268e-05
7.717495464021340013e-06
3.840374946594238281e-02
3.946668207645416260e-01
5.677468776702880859e-01
6.262296438217163086e-01
6.295835971832275391e-01
6.575827002525329590e-01
6.575827002525329590e-01
6.575827002525329590e-01
6.575827002525329590e-01
6.575827002525329590e-01
6.575827002525329590e-01
6.575827002525329590e-01
6.575827002525329590e-01
6.575827002525329590e-01
6.575827002525329590e-01
6.575827002525329590e-01
6.575827002525329590e-01
6.136463880538940430e-01
4.233166202902793884e-02
6.759813550161197782e-05
1.165900030173361301e-04
-2.290640622959472239e-05
6.207160186022520065e-05
3.502785861492156982e-01
3.413307666778564453e-01
2.230322479590540752e-06
1.675062412687111646e-05
-5.737429091823287308e-06
5.899333953857421875e-01
9.998856186866760254e-01
9.042267203330993652e-01
7.923184037208557129e-01
6.575827002525329590e-01
6.575827002525329590e-01
6.575827002525329590e-01
6.575827002525329590e-01
6.575827002525329590e-01
6.575827002525329590e-01
6.575827002525329590e-01
6.575827002525329590e-01
6.575827002525329590e-01
6.575827002525329590e-01
6.575827002525329590e-01
6.575827002525329590e-01
6.575827002525329590e-01
6.123037338256835938e-01
9.757343679666519165e-02
7.405855285469442606e-05
1.761948078637942672e-04
-3.248283519496908411e-06
-3.636690962594002485e-05
7.242286205291748047e-01
8.349625468254089355e-01
1.285735368728637695e-01
2.702069878068869002e-06
-8.714754585525952280e-06
6.601433753967285156e-01
1.327812552452087402e+00
1.335946679115295410e+00
9.877499938011169434e-01
6.575827002525329590e-01
6.575827002525329590e-01
6.575827002525329590e-01
6.575827002525329590e-01
6.575827002525329590e-01
6.575827002525329590e-01
6.575827002525329590e-01
6.575827002525329590e-01
6.575827002525329590e-01
6.575827002525329590e-01
6.575827002525329590e-01
6.575827002525329590e-01
6.575827002525329590e-01
6.441891193389892578e-01
1.298164427280426025e-01
-7.369127706624567509e-05
1.649096157052554190e-05
-1.126073693740181625e-04
4.495305620366707444e-05
9.224090576171875000e-01
5.996191501617431641e-01
-1.352360413875430822e-06
3.367670797160826623e-05
1.331275507254758850e-05
5.714527368545532227e-01
1.349440336227416992e+00
1.378176212310791016e+00
9.367210268974304199e-01
6.575827002525329590e-01
6.575827002525329590e-01
6.575827002525329590e-01
6.575827002525329590e-01
6.575827002525329590e-01
6.575827002525329590e-01
6.575827002525329590e-01
6.575827002525329590e-01
6.575827002525329590e-01
6.575827002525329590e-01
6.575827002525329590e-01
6.575827002525329590e-01
6.575827002525329590e-01
6.685982942581176758e-01
3.456434905529022217e-01
3.815850868704728782e-05
-1.103578615584410727e-04
-1.816999283619225025e-04
7.398736488539725542e-05
-6.268437005019222852e-07
1.578105613589286804e-02
1.563808154969592579e-06
-2.628637594170868397e-05
5.616363068838836625e-06
7.024967670440673828e-01
1.296614170074462891e+00
1.102488279342651367e+00
6.582230925559997559e-01
6.575827002525329590e-01
6.575827002525329590e-01
6.575827002525329590e-01
6.575827002525329590e-01
6.575827002525329590e-01
6.575827002525329590e-01
6.575827002525329590e-01
6.575827002525329590e-01
6.575827002525329590e-01
6.575827002525329590e-01
6.575827002525329590e-01
6.575827002525329590e-01
6.575827002525329590e-01
6.681937575340270996e-01
5.535833835601806641e-01
-1.091473222913919017e-06
1.380747853545472026e-04
1.295765832765027881e-04
1.298012793995440006e-04
-4.932981755700893700e-05
7.212521268229465932e-06
3.190567076671868563e-05
-1.712544872134458274e-05
3.447045855864416808e-06
5.418972373008728027e-01
1.109494805335998535e+00
8.568242788314819336e-01
4.784663319587707520e-01
6.575827002525329590e-01
6.575827002525329590e-01
6.575827002525329590e-01
6.575827002525329590e-01
6.575827002525329590e-01
6.575827002525329590e-01
6.575827002525329590e-01
6.575827002525329590e-01
6.575827002525329590e-01
6.575827002525329590e-01
6.575827002525329590e-01
6.575827002525329590e-01
6.575827002525329590e-01
6.575827002525329590e-01
6.338816881179809570e-01
2.563603629823774099e-06
-1.965096089406870306e-05
-1.119426597142592072e-04
1.475477474741637707e-04
9.690286969998851418e-05
-1.174103908851975575e-05
6.036146442056633532e-05
2.061572740785777569e-05
4.125186800956726074e-02
5.199900865554809570e-01
8.194155097007751465e-01
6.765254139900207520e-01
5.054492354393005371e-01
6.575827002525329590e-01
6.575827002525329590e-01
6.575827002525329590e-01
6.575827002525329590e-01
6.575827002525329590e-01
6.575827002525329590e-01
6.575827002525329590e-01
6.575827002525329590e-01
6.575827002525329590e-01
6.575827002525329590e-01
6.575827002525329590e-01
6.575827002525329590e-01
6.575827002525329590e-01
6.575827002525329590e-01
6.510651111602783203e-01
8.065897971391677856e-02
5.182396853342652321e-05
-6.172640132717788219e-05
-1.390883553540334105e-04
-1.138810403062961996e-04
1.066874610842205584e-04
-3.120419205515645444e-05
-7.869590262998826802e-06
7.203944325447082520e-01
7.991639375686645508e-01
6.652014255523681641e-01
5.875982046127319336e-01
5.981991887092590332e-01
6.575827002525329590e-01
6.575827002525329590e-01
6.575827002525329590e-01
6.575827002525329590e-01
6.575827002525329590e-01
6.575827002525329590e-01
6.575827002525329590e-01
6.575827002525329590e-01
6.575827002525329590e-01
6.575827002525329590e-01
6.575827002525329590e-01
6.575827002525329590e-01
6.575827002525329590e-01
6.575827002525329590e-01
6.053736805915832520e-01
1.099559143185615540e-01
3.964805000578053296e-05
-4.382380211609415710e-05
-1.244409504579380155e-04
-2.134436545020435005e-05
-7.266399916261434555e-05
7.860662299208343029e-05
2.245842814445495605e-01
1.249654293060302734e+00
1.251697301864624023e+00
8.218940496444702148e-01
5.940207242965698242e-01
6.575827002525329590e-01
6.575827002525329590e-01
6.575827002525329590e-01
6.575827002525329590e-01
6.575827002525329590e-01
6.575827002525329590e-01
6.575827002525329590e-01
6.575827002525329590e-01
6.575827002525329590e-01
6.575827002525329590e-01
6.575827002525329590e-01
6.575827002525329590e-01
6.575827002525329590e-01
6.575827002525329590e-01
6.575827002525329590e-01
5.052391886711120605e-01
-9.958789632946718484e-07
-4.312146120355464518e-05
1.316101552220061421e-04
3.038195245608221740e-06
-5.304654041538015008e-05
9.514015982858836651e-05
-3.994335929746739566e-05
2.147771716117858887e-01
1.527188897132873535e+00
1.512387275695800781e+00
9.808072447776794434e-01
7.130321860313415527e-01
6.575827002525329590e-01
6.575827002525329590e-01
6.575827002525329590e-01
6.575827002525329590e-01
6.575827002525329590e-01
6.575827002525329590e-01
6.575827002525329590e-01
6.575827002525329590e-01
6.575827002525329590e-01
6.575827002525329590e-01
6.575827002525329590e-01
6.575827002525329590e-01
6.575827002525329590e-01
6.575827002525329590e-01
6.575827002525329590e-01
4.241118133068084717e-01
1.056613200489664450e-05
-3.545848085195757449e-05
-9.645069803809747100e-05
-1.414431462762877345e-04
-7.705201278440654278e-05
-8.961066487245261669e-05
-1.203965148306451738e-04
9.389445949636865407e-06
1.294958472251892090e+00
1.623399496078491211e+00
1.200927615165710449e+00
8.235113024711608887e-01
6.575827002525329590e-01
6.575827002525329590e-01
6.575827002525329590e-01
6.575827002525329590e-01
6.575827002525329590e-01
6.575827002525329590e-01
6.575827002525329590e-01
6.575827002525329590e-01
6.575827002525329590e-01
6.575827002525329590e-01
6.575827002525329590e-01
6.575827002525329590e-01
6.575827002525329590e-01
6.575827002525329590e-01
6.575827002525329590e-01
3.697684109210968018e-01
-2.756944468274014071e-06
-8.227931539295241237e-05
-1.016969035845249891e-04
7.348388407990569249e-06
8.387216075789183378e-05
1.209600086440332234e-04
-1.435419380868552253e-05
-2.731292079261038452e-05
9.508369565010070801e-01
1.632112145423889160e+00
1.348975777626037598e+00
9.322068691253662109e-01
6.575827002525329590e-01
6.575827002525329590e-01
6.575827002525329590e-01
6.575827002525329590e-01
6.575827002525329590e-01
6.575827002525329590e-01
6.575827002525329590e-01
6.575827002525329590e-01
6.575827002525329590e-01
6.575827002525329590e-01
6.575827002525329590e-01
6.575827002525329590e-01
6.575827002525329590e-01
6.575827002525329590e-01
6.575827002525329590e-01
3.521670401096343994e-01
4.667293978855013847e-05
-8.759189222473651171e-05
-6.256208871491253376e-05
6.338430830510333180e-05
-9.794753168534953147e-06
1.273984817089512944e-04
7.202834967756643891e-05
3.404796370887197554e-05
5.134406089782714844e-01
1.592262983322143555e+00
1.441772580146789551e+00
9.782620072364807129e-01
6.575827002525329590e-01
6.575827002525329590e-01
6.575827002525329590e-01
6.575827002525329590e-01
6.575827002525329590e-01
6.575827002525329590e-01
6.575827002525329590e-01
6.575827002525329590e-01
6.575827002525329590e-01
6.575827002525329590e-01
6.575827002525329590e-01
6.575827002525329590e-01
6.575827002525329590e-01
6.575827002525329590e-01
6.575827002525329590e-01
3.631406724452972412e-01
3.854908209177665412e-05
-1.260193239431828260e-04
1.544837723486125469e-04
3.941024624509736896e-05
5.740542292187456042e-06
-5.377014531404711306e-05
1.548840809846296906e-04
8.380221697734668851e-05
1.802122443914413452e-01
1.584253787994384766e+00
1.493016242980957031e+00
9.356766343116760254e-01
6.575827002525329590e-01
6.575827002525329590e-01
6.575827002525329590e-01
6.575827002525329590e-01
6.575827002525329590e-01
6.575827002525329590e-01
6.575827002525329590e-01
6.575827002525329590e-01
6.575827002525329590e-01
6.575827002525329590e-01
6.575827002525329590e-01
6.575827002525329590e-01
6.575827002525329590e-01
6.575827002525329590e-01
6.575827002525329590e-01
4.861183166503906250e-01
-4.196703957859426737e-05
-4.044594243168830872e-05
1.687932526692748070e-04
-5.909852552576921880e-05
2.001060693146428093e-06
-5.551385038415901363e-05
-1.014490917441435158e-04
4.866379094892181456e-05
6.095980107784271240e-02
1.556670427322387695e+00
1.422584176063537598e+00
7.933792471885681152e-01
6.575827002525329590e-01
6.575827002525329590e-01
6.575827002525329590e-01
6.575827002525329590e-01
6.575827002525329590e-01
6.575827002525329590e-01
6.575827002525329590e-01
6.575827002525329590e-01
6.575827002525329590e-01
6.575827002525329590e-01
6.575827002525329590e-01
6.575827002525329590e-01
6.575827002525329590e-01
6.575827002525329590e-01
6.575827002525329590e-01
5.261971950531005859e-01
2.893767123168800026e-05
1.164085624623112381e-04
-2.825480623869225383e-05
-5.253605922916904092e-05
-4.352546966401860118e-06
2.013220728258602321e-05
-3.211741204722784460e-05
7.446758536389097571e-05
7.016299664974212646e-02
1.323648810386657715e+00
1.116107225418090820e+00
5.757018923759460449e-01
6.575827002525329590e-01
6.575827002525329590e-01
6.575827002525329590e-01
6.575827002525329590e-01
6.575827002525329590e-01
6.575827002525329590e-01
6.575827002525329590e-01
6.575827002525329590e-01
6.575827002525329590e-01
6.575827002525329590e-01
6.575827002525329590e-01
6.575827002525329590e-01
6.575827002525329590e-01
6.575827002525329590e-01
6.575827002525329590e-01
5.865024328231811523e-01
1.633326428418513387e-05
-7.744388858554884791e-05
-8.437223732471466064e-05
-7.882828504079952836e-05
4.272716978448443115e-05
-9.529416274745017290e-05
3.570037370081990957e-05
2.601730739115737379e-05
2.404083907604217529e-01
1.118747353553771973e+00
8.408620953559875488e-01
4.593504965305328369e-01
6.575827002525329590e-01
6.575827002525329590e-01
6.575827002525329590e-01
6.575827002525329590e-01
6.575827002525329590e-01
6.575827002525329590e-01
6.575827002525329590e-01
6.575827002525329590e-01
6.575827002525329590e-01
6.575827002525329590e-01
6.575827002525329590e-01
6.575827002525329590e-01
6.575827002525329590e-01
6.575827002525329590e-01
6.575827002525329590e-01
6.770812869071960449e-01
9.496238827705383301e-02
-2.740768650255631655e-05
-1.427358802175149322e-04
-7.631960761500522494e-05
1.577666989760473371e-05
5.686833537765778601e-05
9.699957445263862610e-05
2.389090332144405693e-05
3.050454854965209961e-01
8.496627807617187500e-01
6.881082057952880859e-01
4.964939653873443604e-01
6.575827002525329590e-01
6.575827002525329590e-01
6.575827002525329590e-01
6.575827002525329590e-01
6.575827002525329590e-01
6.575827002525329590e-01
6.575827002525329590e-01
6.575827002525329590e-01
6.575827002525329590e-01
6.575827002525329590e-01
6.575827002525329590e-01
6.575827002525329590e-01
6.575827002525329590e-01
6.575827002525329590e-01
6.575827002525329590e-01
6.463012099266052246e-01
3.655673265457153320e-01
-2.100435631291475147e-05
5.755729580414481461e-05
1.029188279062509537e-04
-8.852987230056896806e-05
-2.201505049015395343e-05
-3.961400943808257580e-05
7.278742032212903723e-06
2.530215382575988770e-01
5.925809144973754883e-01
6.054010987281799316e-01
5.821903347969055176e-01
6.575827002525329590e-01
6.575827002525329590e-01
6.575827002525329590e-01
6.575827002525329590e-01
6.575827002525329590e-01
6.575827002525329590e-01
6.575827002525329590e-01
6.575827002525329590e-01
6.575827002525329590e-01
6.575827002525329590e-01
6.575827002525329590e-01
6.575827002525329590e-01
6.575827002525329590e-01
6.575827002525329590e-01
6.575827002525329590e-01
6.714721322059631348e-01
5.311440229415893555e-01
3.224518195565906353e-06
5.167040581000037491e-05
7.454887963831424713e-05
-4.796943176188506186e-05
4.202266427455469966e-05
-2.903752829297445714e-05
1.377183794975280762e-01
5.079301595687866211e-01
5.700482726097106934e-01
5.921418666839599609e-01
6.456733345985412598e-01
6.575827002525329590e-01
6.575827002525329590e-01
6.575827002525329590e-01
6.575827002525329590e-01
6.575827002525329590e-01
6.575827002525329590e-01
6.575827002525329590e-01
6.575827002525329590e-01
6.575827002525329590e-01
6.575827002525329590e-01
6.575827002525329590e-01
6.575827002525329590e-01
6.575827002525329590e-01
6.575827002525329590e-01
6.575827002525329590e-01
6.659353971481323242e-01
6.487289071083068848e-01
4.173447489738464355e-01
5.929198323428863660e-06
1.344028714811429381e-05
-1.784622327249962837e-06
4.995792551198974252e-06
6.376052647829055786e-02
4.547264873981475830e-01
6.001560688018798828e-01
6.101179122924804688e-01
6.283608675003051758e-01
6.575827002525329590e-01
6.575827002525329590e-01
6.575827002525329590e-01
6.575827002525329590e-01
6.575827002525329590e-01
6.575827002525329590e-01
6.575827002525329590e-01
6.575827002525329590e-01
6.575827002525329590e-01
6.575827002525329590e-01
6.575827002525329590e-01
6.575827002525329590e-01
6.575827002525329590e-01
6.575827002525329590e-01
6.575827002525329590e-01
6.575827002525329590e-01
6.575827002525329590e-01
6.681937575340270996e-01
6.469855904579162598e-01
4.876326024532318115e-01
2.362359911203384399e-01
1.114315241575241089e-01
2.291746139526367188e-01
4.539191424846649170e-01
5.940102934837341309e-01
6.353345513343811035e-01
6.440595388412475586e-01
6.516032814979553223e-01
6.575827002525329590e-01
6.575827002525329590e-01
6.575827002525329590e-01
6.575827002525329590e-01
6.575827002525329590e-01
6.575827002525329590e-01
6.575827002525329590e-01
6.575827002525329590e-01
