8.848252946336288005e-06
8.848252946336288005e-06
8.848252946336288005e-06
8.848252946336288005e-06
8.848252946336288005e-06
8.848252946336288005e-06
8.848252946336288005e-06
8.848252946336288005e-06
8.848252946336288005e-06
8.848252946336288005e-06
8.848252946336288005e-06
9.446109288546722382e-06
9.632281944504939020e-06
-4.066539986524730921e-06
-3.054774197153165005e-06
6.220863014459609985e-02
-1.134672318585216999e-03
-1.442737811885308474e-06
4.809748588741058484e-06
2.947856501123169437e-07
-6.681285867671249434e-06
7.604081474710255861e-06
3.267773081461200491e-06
8.848252946336288005e-06
8.848252946336288005e-06
8.848252946336288005e-06
8.848252946336288005e-06
8.848252946336288005e-06
8.848252946336288005e-06
8.848252946336288005e-06
8.848252946336288005e-06
8.848252946336288005e-06
8.848252946336288005e-06
8.848252946336288005e-06
8.848252946336288005e-06
8.848252946336288005e-06
8.848252946336288005e-06
5.928752216277644038e-06
-5.421507466962793842e-06
-6.056752681615762413e-07
3.939325324608944356e-06
-7.185297818068647757e-06
1.276628495361364912e-06
3.977423012256622314e-01
5.434308648109436035e-01
6.912286281585693359e-01
6.609457135200500488e-01
2.230215386589406990e-06
6.107878562033874914e-06
2.960433448606636375e-06
7.376026132988044992e-06
8.848252946336288005e-06
8.848252946336288005e-06
8.848252946336288005e-06
8.848252946336288005e-06
8.848252946336288005e-06
8.848252946336288005e-06
8.848252946336288005e-06
8.848252946336288005e-06
8.848252946336288005e-06
8.848252946336288005e-06
8.848252946336288005e-06
8.848252946336288005e-06
8.848252946336288005e-06
1.682419565440795850e-06
-3.798910029217950068e-06
1.172205247712554410e-05
2.883198112249374390e-02
2.905021607875823975e-01
1.089901616069255397e-05
9.550398317514918745e-06
2.269147336483001709e-01
1.012742042541503906e+00
1.548583865165710449e+00
1.694758057594299316e+00
6.322941780090332031e-01
4.013363650301471353e-06
-6.253385436139069498e-06
1.003559918899554759e-05
8.848252946336288005e-06
8.848252946336288005e-06
8.848252946336288005e-06
8.848252946336288005e-06
8.848252946336288005e-06
8.848252946336288005e-06
8.848252946336288005e-06
8.848252946336288005e-06
8.848252946336288005e-06
8.848252946336288005e-06
8.848252946336288005e-06
8.848252946336288005e-06
8.848252946336288005e-06
-5.993272225168766454e-07
6.724880677211331204e-06
-3.954164185415720567e-06
-3.688860488182399422e-06
2.214479297399520874e-01
-2.931183189502917230e-06
-1.333914315182482824e-05
-4.541959697235142812e-06
6.950066685676574707e-01
1.624708652496337891e+00
2.081251859664916992e+00
1.594076991081237793e+00
1.928616911172866821e-01
-1.419513591827126220e-05
-8.625140253570862114e-06
8.848252946336288005e-06
8.848252946336288005e-06
8.848252946336288005e-06
8.848252946336288005e-06
8.848252946336288005e-06
8.848252946336288005e-06
8.848252946336288005e-06
8.848252946336288005e-06
8.848252946336288005e-06
8.848252946336288005e-06
8.848252946336288005e-06
8.848252946336288005e-06
8.848252946336288005e-06
-2.379493889748118818e-05
3.968714008806273341e-05
-4.757791975862346590e-05
-3.610399289755150676e-05
-2.418325721009750850e-06
9.731084108352661133e-02
-4.312585588195361197e-06
-1.596599759068340063e-05
3.829406499862670898e-01
1.392888069152832031e+00
2.027772665023803711e+00
1.588091850280761719e+00
2.582014203071594238e-01
1.598261223989538848e-05
8.608667485532350838e-06
8.848252946336288005e-06
8.848252946336288005e-06
8.848252946336288005e-06
8.848252946336288005e-06
8.848252946336288005e-06
8.848252946336288005e-06
8.848252946336288005e-06
8.848252946336288005e-06
8.848252946336288005e-06
8.848252946336288005e-06
8.848252946336288005e-06
8.848252946336288005e-06
1.028911719913594425e-05
7.844773790566250682e-06
1.911822437250521034e-05
-1.793786941561847925e-05
4.604990317602641881e-05
1.433254146832041442e-05
2.671909332275390625e-01
3.637461960315704346e-01
4.187723398208618164e-01
4.317718744277954102e-01
9.567307829856872559e-01
1.333215117454528809e+00
4.939678311347961426e-01
1.644233998376876116e-05
5.021963715989841148e-06
-5.353658252715831622e-06
8.848252946336288005e-06
8.848252946336288005e-06
8.848252946336288005e-06
8.848252946336288005e-06
8.848252946336288005e-06
8.848252946336288005e-06
8.848252946336288005e-06
8.848252946336288005e-06
8.848252946336288005e-06
8.848252946336288005e-06
8.848252946336288005e-06
8.848252946336288005e-06
-1.940613174156169407e-06
4.484209421207197011e-05
-9.349021274829283357e-05
-3.514109630486927927e-05
-9.189838237944059074e-06
3.681128323078155518e-01
1.277065396308898926e+00
7.967724204063415527e-01
-9.829212212935090065e-04
1.125683337450027466e-01
6.905292868614196777e-01
6.566263437271118164e-01
-2.508725856387172826e-06
2.174960172851569951e-06
9.248131505046330858e-07
1.000900829239981249e-05
8.848252946336288005e-06
8.848252946336288005e-06
8.848252946336288005e-06
8.848252946336288005e-06
8.848252946336288005e-06
8.848252946336288005e-06
8.848252946336288005e-06
8.848252946336288005e-06
8.848252946336288005e-06
8.848252946336288005e-06
8.848252946336288005e-06
8.848252946336288005e-06
3.060344533878378570e-05
-3.450077565503306687e-05
-1.537866919534280896e-04
2.681132173165678978e-05
2.000922203063964844e+00
1.936626553535461426e+00
9.856805205345153809e-01
8.977926373481750488e-01
3.604928851127624512e-01
-6.996059482844430022e-07
1.466219574213027954e-01
1.207720833917846903e-05
3.689313962240703404e-05
-1.451171283406438306e-05
-4.628603164746891707e-06
8.848252946336288005e-06
8.848252946336288005e-06
8.848252946336288005e-06
8.848252946336288005e-06
8.848252946336288005e-06
8.848252946336288005e-06
8.848252946336288005e-06
8.848252946336288005e-06
8.848252946336288005e-06
8.848252946336288005e-06
8.848252946336288005e-06
8.848252946336288005e-06
8.848252946336288005e-06
2.441352989990264177e-05
-8.952226926339790225e-05
1.106799900298938155e-04
2.965420571854338050e-05
3.565654754638671875e+00
3.644158601760864258e+00
1.165874600410461426e+00
2.283779213030356914e-05
-1.126898314396385103e-05
2.705493196845054626e-02
5.402216911315917969e-01
5.124269127845764160e-01
-1.810945468605495989e-05
-3.973676939494907856e-06
-2.478681608408805914e-06
8.848252946336288005e-06
8.848252946336288005e-06
8.848252946336288005e-06
8.848252946336288005e-06
8.848252946336288005e-06
8.848252946336288005e-06
8.848252946336288005e-06
8.848252946336288005e-06
8.848252946336288005e-06
8.848252946336288005e-06
8.848252946336288005e-06
8.848252946336288005e-06
8.848252946336288005e-06
-9.241201951226685196e-06
-1.320597511949017644e-04
-1.551837922306731343e-04
-1.363695446343626827e-05
3.915349006652832031e+00
4.545892715454101562e+00
5.645595192909240723e-01
3.795836164499633014e-05
-3.166871692883432843e-06
1.012146994471549988e-01
9.565327763557434082e-01
1.504230499267578125e+00
2.557130157947540283e-01
-1.275434169656364247e-05
1.482175048295175657e-05
8.848252946336288005e-06
8.848252946336288005e-06
8.848252946336288005e-06
8.848252946336288005e-06
8.848252946336288005e-06
8.848252946336288005e-06
8.848252946336288005e-06
8.848252946336288005e-06
8.848252946336288005e-06
8.848252946336288005e-06
8.848252946336288005e-06
8.848252946336288005e-06
8.848252946336288005e-06
2.978390511998441070e-06
1.089997531380504370e-04
-1.436651218682527542e-04
6.282207323238253593e-05
3.193037509918212891e+00
4.665571689605712891e+00
1.142281532287597656e+00
4.466573227546177804e-05
1.352823346678633243e-05
3.824523463845252991e-02
1.096245288848876953e+00
1.908553361892700195e+00
1.223474979400634766e+00
3.071921128139365464e-06
-1.885860183392651379e-05
8.848252946336288005e-06
8.848252946336288005e-06
8.848252946336288005e-06
8.848252946336288005e-06
8.848252946336288005e-06
8.848252946336288005e-06
8.848252946336288005e-06
8.848252946336288005e-06
8.848252946336288005e-06
8.848252946336288005e-06
8.848252946336288005e-06
8.848252946336288005e-06
8.848252946336288005e-06
-5.780323590443003923e-06
-5.330761632649227977e-05
-1.340065064141526818e-04
-1.386931398883461952e-04
1.694059252738952637e+00
3.866533994674682617e+00
1.757897138595581055e+00
-2.013392258959356695e-05
-2.413758193142712116e-05
1.737183183431625366e-01
1.610210180282592773e+00
2.227054595947265625e+00
1.076473593711853027e+00
1.205717853736132383e-05
-1.100554709410062060e-05
8.848252946336288005e-06
8.848252946336288005e-06
8.848252946336288005e-06
8.848252946336288005e-06
8.848252946336288005e-06
8.848252946336288005e-06
8.848252946336288005e-06
8.848252946336288005e-06
8.848252946336288005e-06
8.848252946336288005e-06
8.848252946336288005e-06
8.848252946336288005e-06
8.848252946336288005e-06
8.848252946336288005e-06
3.219403879484161735e-05
4.458030161913484335e-05
1.608555467100813985e-04
2.522535623938892968e-06
2.566835880279541016e+00
1.562546968460083008e+00
6.392871588468551636e-02
1.223228991875657812e-05
8.806591629981994629e-01
2.087339878082275391e+00
1.828792810440063477e+00
1.281047314405441284e-01
-1.310086281591793522e-05
1.708349373075179756e-06
8.848252946336288005e-06
8.848252946336288005e-06
8.848252946336288005e-06
8.848252946336288005e-06
8.848252946336288005e-06
8.848252946336288005e-06
8.848252946336288005e-06
8.848252946336288005e-06
8.848252946336288005e-06
8.848252946336288005e-06
8.848252946336288005e-06
8.848252946336288005e-06
8.848252946336288005e-06
8.848252946336288005e-06
-3.679623114294372499e-05
-4.770055238623172045e-05
-1.305355981457978487e-04
9.298029908677563071e-05
7.936914563179016113e-01
6.599425673484802246e-01
8.299715518951416016e-01
1.656169891357421875e+00
2.186109542846679688e+00
1.654934048652648926e+00
6.228225827217102051e-01
-2.053235948551446199e-05
2.925972330558579415e-05
9.706586752145085484e-06
8.848252946336288005e-06
8.848252946336288005e-06
8.848252946336288005e-06
8.848252946336288005e-06
8.848252946336288005e-06
8.848252946336288005e-06
8.848252946336288005e-06
8.848252946336288005e-06
8.848252946336288005e-06
8.848252946336288005e-06
8.848252946336288005e-06
8.848252946336288005e-06
8.848252946336288005e-06
8.848252946336288005e-06
4.158465799264376983e-06
6.970061076572164893e-05
1.381055626552551985e-04
9.998906170949339867e-05
3.045943412871565670e-05
4.055055081844329834e-01
2.297222614288330078e+00
3.213033437728881836e+00
2.500235557556152344e+00
6.038092970848083496e-01
1.003355373541126028e-05
2.368259629292879254e-05
1.189343311125412583e-05
8.848252946336288005e-06
8.848252946336288005e-06
8.848252946336288005e-06
8.848252946336288005e-06
8.848252946336288005e-06
8.848252946336288005e-06
8.848252946336288005e-06
8.848252946336288005e-06
8.848252946336288005e-06
8.848252946336288005e-06
8.848252946336288005e-06
8.848252946336288005e-06
8.848252946336288005e-06
8.848252946336288005e-06
8.848252946336288005e-06
-2.689094435481820256e-05
-6.436232069972902536e-05
-8.029450691537931561e-05
-7.081826879584696144e-06
-3.274805203545838594e-05
1.070522216650715563e-06
2.445309162139892578e+00
4.371879100799560547e+00
2.842092752456665039e+00
4.529647867457242683e-06
-3.953442501369863749e-05
-8.954610166256316006e-06
6.784408469684422016e-06
8.848252946336288005e-06
8.848252946336288005e-06
8.848252946336288005e-06
8.848252946336288005e-06
8.848252946336288005e-06
8.848252946336288005e-06
8.848252946336288005e-06
8.848252946336288005e-06
8.848252946336288005e-06
8.848252946336288005e-06
8.848252946336288005e-06
8.848252946336288005e-06
8.848252946336288005e-06
8.848252946336288005e-06
8.848252946336288005e-06
-2.248076998512260616e-05
-2.871362084988504648e-05
5.347956175683066249e-05
7.605160499224439263e-05
9.138868335867300630e-06
-1.655031155678443611e-06
2.037571668624877930e+00
4.143684387207031250e+00
3.085274219512939453e+00
5.164764523506164551e-01
2.295763806614559144e-05
-2.076276359730400145e-05
1.502017425991652999e-06
8.848252946336288005e-06
8.848252946336288005e-06
8.848252946336288005e-06
8.848252946336288005e-06
8.848252946336288005e-06
8.848252946336288005e-06
8.848252946336288005e-06
8.848252946336288005e-06
8.848252946336288005e-06
8.848252946336288005e-06
8.848252946336288005e-06
8.848252946336288005e-06
8.848252946336288005e-06
8.848252946336288005e-06
8.848252946336288005e-06
-8.857179636834189296e-06
-2.725145532167516649e-05
1.062379451468586922e-04
-2.126243543898453936e-06
-1.122033689171075821e-03
-1.398624408466275781e-05
6.550359129905700684e-01
3.173016548156738281e+00
3.700274229049682617e+00
1.744610905647277832e+00
-9.666498044680338353e-06
-2.376426164119038731e-05
7.503750566684175283e-06
8.848252946336288005e-06
8.848252946336288005e-06
8.848252946336288005e-06
8.848252946336288005e-06
8.848252946336288005e-06
8.848252946336288005e-06
8.848252946336288005e-06
8.848252946336288005e-06
8.848252946336288005e-06
8.848252946336288005e-06
8.848252946336288005e-06
8.848252946336288005e-06
8.848252946336288005e-06
8.848252946336288005e-06
8.848252946336288005e-06
-7.320236909436061978e-05
-1.552337344037368894e-04
8.903808338800445199e-05
1.594438910484313965e+00
1.030198216438293457e+00
8.996063115773722529e-05
-3.835570896626450121e-05
1.873607516288757324e+00
4.086148262023925781e+00
2.663006067276000977e+00
-2.188074404330109246e-06
-4.817243279831018299e-06
1.324885579379042611e-05
8.848252946336288005e-06
8.848252946336288005e-06
8.848252946336288005e-06
8.848252946336288005e-06
8.848252946336288005e-06
8.848252946336288005e-06
8.848252946336288005e-06
8.848252946336288005e-06
8.848252946336288005e-06
8.848252946336288005e-06
8.848252946336288005e-06
8.848252946336288005e-06
8.848252946336288005e-06
8.848252946336288005e-06
8.848252946336288005e-06
1.028101323754526675e-04
1.488113048253580928e-04
-4.169052044744603336e-05
3.191256999969482422e+00
2.318796157836914062e+00
1.863108809629920870e-05
-1.413353747921064496e-04
7.231827974319458008e-01
3.861021280288696289e+00
3.257296323776245117e+00
4.532460272312164307e-01
1.385483938065590337e-05
2.063123611151240766e-05
8.848252946336288005e-06
8.848252946336288005e-06
8.848252946336288005e-06
8.848252946336288005e-06
8.848252946336288005e-06
8.848252946336288005e-06
8.848252946336288005e-06
8.848252946336288005e-06
8.848252946336288005e-06
8.848252946336288005e-06
8.848252946336288005e-06
8.848252946336288005e-06
8.848252946336288005e-06
8.848252946336288005e-06
8.848252946336288005e-06
6.655068136751651764e-05
-2.266190494992770255e-05
-3.940430178772658110e-05
4.115889549255371094e+00
3.615381240844726562e+00
-2.222901093773543835e-05
-1.690748322289437056e-04
7.293225079774856567e-02
3.400131702423095703e+00
3.539249658584594727e+00
1.026464581489562988e+00
1.385465020575793460e-05
2.915303412009961903e-06
8.848252946336288005e-06
8.848252946336288005e-06
8.848252946336288005e-06
8.848252946336288005e-06
8.848252946336288005e-06
8.848252946336288005e-06
8.848252946336288005e-06
8.848252946336288005e-06
8.848252946336288005e-06
8.848252946336288005e-06
8.848252946336288005e-06
8.848252946336288005e-06
8.848252946336288005e-06
8.848252946336288005e-06
8.848252946336288005e-06
8.425868145423009992e-05
2.030813629971817136e-04
1.119142616516910493e-04
3.583400487899780273e+00
3.641484022140502930e+00
9.047418279806151986e-05
8.885507122613489628e-05
1.104328557848930359e-01
2.735781908035278320e+00
3.363451242446899414e+00
1.325221657752990723e+00
8.500803232891485095e-06
-3.066025237785652280e-05
8.848252946336288005e-06
8.848252946336288005e-06
8.848252946336288005e-06
8.848252946336288005e-06
8.848252946336288005e-06
8.848252946336288005e-06
8.848252946336288005e-06
8.848252946336288005e-06
8.848252946336288005e-06
8.848252946336288005e-06
8.848252946336288005e-06
8.848252946336288005e-06
8.848252946336288005e-06
8.848252946336288005e-06
8.848252946336288005e-06
6.548210512846708298e-05
1.155599384219385684e-04
-2.069625588774215430e-05
1.526780724525451660e+00
3.234750747680664062e+00
-2.347540203118114732e-06
-6.482363096438348293e-05
2.715345621109008789e-01
2.561049699783325195e+00
2.785931110382080078e+00
8.353370428085327148e-01
4.975373485649470240e-06
2.323176522622816265e-05
8.848252946336288005e-06
8.848252946336288005e-06
8.848252946336288005e-06
8.848252946336288005e-06
8.848252946336288005e-06
8.848252946336288005e-06
8.848252946336288005e-06
8.848252946336288005e-06
8.848252946336288005e-06
8.848252946336288005e-06
8.848252946336288005e-06
8.848252946336288005e-06
8.848252946336288005e-06
8.848252946336288005e-06
8.848252946336288005e-06
-4.387961962493136525e-05
-6.653596938122063875e-05
-3.043200740648899227e-05
-1.982020512514282018e-05
8.189396262168884277e-01
-5.555646112043177709e-06
1.028620153665542603e-01
1.696845650672912598e+00
2.377222061157226562e+00
1.765655398368835449e+00
1.373612731695175171e-01
8.212989087041933089e-06
2.511509592295624316e-06
8.848252946336288005e-06
8.848252946336288005e-06
8.848252946336288005e-06
8.848252946336288005e-06
8.848252946336288005e-06
8.848252946336288005e-06
8.848252946336288005e-06
8.848252946336288005e-06
8.848252946336288005e-06
8.848252946336288005e-06
8.848252946336288005e-06
8.848252946336288005e-06
8.848252946336288005e-06
8.848252946336288005e-06
8.848252946336288005e-06
2.326167850696947426e-05
-8.173507922037970275e-06
-1.402805646648630500e-04
-1.995527964027132839e-05
-2.438057708786800504e-05
9.088816493749618530e-02
7.714613676071166992e-01
1.974466919898986816e+00
1.907791972160339355e+00
6.550630331039428711e-01
2.629292339406674728e-06
4.106995220354292542e-06
9.468691132497042418e-06
8.848252946336288005e-06
8.848252946336288005e-06
8.848252946336288005e-06
8.848252946336288005e-06
8.848252946336288005e-06
8.848252946336288005e-06
8.848252946336288005e-06
8.848252946336288005e-06
8.848252946336288005e-06
8.848252946336288005e-06
8.848252946336288005e-06
8.848252946336288005e-06
8.848252946336288005e-06
8.848252946336288005e-06
8.848252946336288005e-06
-1.923823219840414822e-05
-5.640378367388620973e-05
4.863056165049783885e-05
-8.053498459048569202e-05
-2.460455834807362407e-05
2.738101647992152721e-05
9.003087282180786133e-01
1.737394332885742188e+00
9.186395406723022461e-01
2.830644461937481537e-06
2.170605512219481170e-05
1.269434324058238417e-05
-7.423661372740752995e-06
8.848252946336288005e-06
8.848252946336288005e-06
8.848252946336288005e-06
8.848252946336288005e-06
8.848252946336288005e-06
8.848252946336288005e-06
8.848252946336288005e-06
8.848252946336288005e-06
8.848252946336288005e-06
8.848252946336288005e-06
8.848252946336288005e-06
8.848252946336288005e-06
8.848252946336288005e-06
8.848252946336288005e-06
8.848252946336288005e-06
6.285885319812223315e-06
-1.169841198134236038e-05
3.951073449570685625e-05
5.523269283003173769e-05
-1.840016557252965868e-05
3.763475206142175011e-06
4.611936211585998535e-01
4.187511205673217773e-01
2.018044597207335755e-06
1.074727038030687254e-06
-4.729743523057550192e-06
-2.697283207453438081e-06
8.848252946336288005e-06
8.848252946336288005e-06
8.848252946336288005e-06
8.848252946336288005e-06
8.848252946336288005e-06
8.848252946336288005e-06
8.848252946336288005e-06
8.848252946336288005e-06
8.848252946336288005e-06
8.848252946336288005e-06
8.848252946336288005e-06
8.848252946336288005e-06
8.848252946336288005e-06
8.848252946336288005e-06
8.848252946336288005e-06
8.848252946336288005e-06
8.848252946336288005e-06
-5.780323590443003923e-06
-1.772931682353373617e-05
2.353090167162008584e-05
-5.197109658183762804e-06
2.773099020123481750e-02
9.831596798903774470e-07
-9.482273526373319328e-06
-2.060584120044950396e-05
1.748487375152762979e-05
1.221909951709676534e-05
5.071243776910705492e-06
8.848252946336288005e-06
8.848252946336288005e-06
8.848252946336288005e-06
8.848252946336288005e-06
8.848252946336288005e-06
8.848252946336288005e-06
8.848252946336288005e-06
8.848252946336288005e-06
