-1.643642067909240723e+00
-3.254509925842285156e+00
-2.122740030288696289e+00
-1.747533679008483887e+00
-2.512741327285766602e+00
-2.855249881744384766e+00
-4.168909549713134766e+00
-3.164772033691406250e+00
-8.518546223640441895e-01
3.405466377735137939e-01
2.666883230209350586e+00
6.525678634643554688e-01
3.430164754390716553e-01
1.611781835556030273e+00
1.443108439445495605e+00
1.611352443695068359e+00
-7.980887889862060547e-01
-1.909968852996826172e+00
-1.064837694168090820e+00
-1.135011389851570129e-01
3.672820568084716797e+00
2.411469221115112305e+00
8.877465128898620605e-01
1.355545520782470703e+00
1.915013194084167480e+00
3.003359794616699219e+00
9.245644807815551758e-01
-8.257160782814025879e-01
-4.698108434677124023e-01
-2.200272530317306519e-01
2.828957319259643555e+00
2.345357894897460938e+00
5.914754867553710938e-01
2.343389689922332764e-01
4.390022456645965576e-01
2.282156944274902344e+00
6.700521111488342285e-01
-8.229764103889465332e-01
-5.059571862220764160e-01
-3.755739629268646240e-01
1.429276108741760254e+00
1.771981358528137207e+00
8.801501393318176270e-01
5.695785284042358398e-01
-1.784004122018814087e-01
1.507335543632507324e+00
8.563881367444992065e-02
-8.289716243743896484e-01
-4.860491752624511719e-01
-3.441761434078216553e-01
9.144173860549926758e-01
4.637945592403411865e-01
8.727486133575439453e-01
4.234256148338317871e-01
1.610888242721557617e-01
1.925513386726379395e+00
1.022192314267158508e-01
-1.017389297485351562e+00
-5.004710555076599121e-01
-4.250395596027374268e-01
7.058278918266296387e-01
3.103982210159301758e-01
5.538582205772399902e-01
1.735859215259552002e-01
5.468940734863281250e-01
1.902984619140625000e+00
3.502839431166648865e-02
-7.505949735641479492e-01
-5.520763397216796875e-01
-4.352279603481292725e-01
6.234930753707885742e-01
3.292458355426788330e-01
4.705455005168914795e-01
2.100488394498825073e-01
7.602907419204711914e-01
1.712754011154174805e+00
-1.295226961374282837e-01
-6.735252737998962402e-01
-5.782806873321533203e-01
-4.683776199817657471e-01
5.791415572166442871e-01
5.749620795249938965e-01
5.250951051712036133e-01
2.106300145387649536e-01
1.201966643333435059e+00
2.006996631622314453e+00
-1.301675438880920410e-01
-6.419051885604858398e-01
-5.029753446578979492e-01
-3.913931548595428467e-01
5.804003477096557617e-01
5.804003477096557617e-01
5.721248984336853027e-01
3.795872926712036133e-01
1.451301455497741699e+00
1.832477450370788574e+00
-2.163173556327819824e-01
-9.191096425056457520e-01
-8.042863607406616211e-01
-3.514645993709564209e-01
