2.923175452451687306e-05
5.441234679892659187e-05
3.679570227177464403e-06
4.904144225292839110e-05
5.504262662725523114e-05
-1.128700911067426205e-03
3.093948364257812500e-01
6.983870863914489746e-01
-2.320210796824540012e-06
4.535679545369930565e-05
-1.982873254746664315e-05
3.109622775809839368e-05
-5.432160105556249619e-05
9.255572513211518526e-05
-1.078483819583198056e-05
1.200109958648681641e+00
8.958466649055480957e-01
1.842954158782958984e-01
-1.054325002769473940e-05
-2.829198820109013468e-05
2.197204594267532229e-05
-5.186975116089342919e-08
-1.161800810223212466e-06
7.538121938705444336e-02
3.393020927906036377e-01
2.470989465713500977e+00
1.893094539642333984e+00
4.780657589435577393e-01
4.929403588175773621e-02
2.448445593472570181e-05
-2.291961664013797417e-06
-6.589307304238900542e-05
-2.120751560141798109e-05
-1.926050390466116369e-05
-1.740870357025414705e-05
9.351801872253417969e-01
1.241006329655647278e-01
7.561231255531311035e-01
5.540682747960090637e-02
3.765532164834439754e-05
3.517126970109529793e-05
3.484955959720537066e-05
-3.144798029097728431e-05
1.448698640160728246e-05
1.120455635827966034e-05
8.313688340422231704e-06
-4.744559191749431193e-06
3.962469995021820068e-01
-1.580705429660156369e-05
-2.659330311871599406e-05
-3.291516622994095087e-05
3.207740883226506412e-05
1.941638583957683295e-05
2.303102155565284193e-05
3.213361799716949463e-01
6.839983165264129639e-03
3.484952912913286127e-06
7.734379917383193970e-02
-4.547886783257126808e-05
6.891542398079764098e-06
3.162107168463990092e-05
8.765117854636628181e-06
2.356418735871557146e-05
4.996093412046320736e-05
2.797942161560058594e-01
4.319485723972320557e-01
7.204059362411499023e-01
-3.538780583767220378e-05
-3.795250449911691248e-05
5.681868060491979122e-06
-3.025157639058306813e-05
-4.102550883544608951e-05
-3.763829681702191010e-06
4.462956712814047933e-05
1.049335060088196769e-05
4.224962890148162842e-01
7.048847079277038574e-01
1.424616311851423234e-05
8.389968570554628968e-05
-6.268101060413755476e-08
1.963575596164446324e-05
-5.451809556689113379e-05
-2.515846063033677638e-05
-9.135891559708397835e-06
5.556802749633789062e-01
9.033281803131103516e-01
1.779580712318420410e-01
8.947439193725585938e-01
8.231448737205937505e-05
6.930941708560567349e-06
-3.149550320813432336e-05
4.591618562699295580e-05
-9.321352990809828043e-06
5.980015703244134784e-05
4.159888029098510742e-01
2.636895775794982910e-01
-1.059582518792012706e-05
1.560043573379516602e+00
6.841470894869416952e-05
1.716302540444303304e-05
