-1.166589498519897461e+00
-3.055105686187744141e+00
-2.129475831985473633e+00
-1.045663475990295410e+00
7.448130249977111816e-01
1.341146379709243774e-01
-1.342659831047058105e+00
-2.751737833023071289e+00
-4.812939465045928955e-01
-3.421537280082702637e-01
-1.641883134841918945e+00
-1.384380936622619629e+00
-3.352198362350463867e+00
-7.424085140228271484e-01
7.986832261085510254e-01
-5.029997825622558594e-01
-4.216266274452209473e-01
-2.886909961700439453e+00
-3.943694531917572021e-01
-2.424745708703994751e-01
-2.739709854125976562e+00
8.447539061307907104e-02
-2.834000825881958008e+00
-4.581206943839788437e-03
2.298299074172973633e+00
-1.351618766784667969e+00
1.721741557121276855e-01
-2.252227067947387695e+00
8.948185443878173828e-01
5.188409090042114258e-01
-2.170329093933105469e+00
2.660998821258544922e+00
6.376060247421264648e-01
1.375741362571716309e+00
5.955516815185546875e+00
-8.189920186996459961e-01
-3.572111129760742188e-01
-2.932138919830322266e+00
-3.636443018913269043e-01
5.640843510627746582e-02
-1.842556357383728027e+00
7.878217101097106934e-01
-7.425870280712842941e-04
-1.586150884628295898e+00
5.784969329833984375e+00
-1.244394421577453613e+00
-1.353044271469116211e+00
-3.690894603729248047e+00
-1.897813796997070312e+00
-2.656968533992767334e-01
-7.058488726615905762e-01
-1.402120471000671387e+00
-7.365163564682006836e-01
-3.594363927841186523e+00
5.513543128967285156e+00
-6.728842258453369141e-01
-8.684428334236145020e-01
-2.931198835372924805e+00
-1.742331504821777344e+00
-6.104374304413795471e-02
-4.233628809452056885e-01
-1.400353670120239258e+00
-1.176534533500671387e+00
-3.000775814056396484e+00
5.045053958892822266e+00
-1.107721447944641113e+00
-1.546235799789428711e+00
-2.420519113540649414e+00
-1.536996603012084961e+00
7.035995274782180786e-02
-1.154312252998352051e+00
-1.590477466583251953e+00
-1.662120342254638672e+00
-2.007335662841796875e+00
5.025468826293945312e+00
-1.421095490455627441e+00
-1.773045539855957031e+00
-2.168452501296997070e+00
-1.154596209526062012e+00
-8.220823109149932861e-02
-1.427383899688720703e+00
-1.430696129798889160e+00
-2.124117374420166016e+00
-9.211477637290954590e-01
4.695653915405273438e+00
-1.182420492172241211e+00
-1.686472177505493164e+00
-1.948681116104125977e+00
-9.495147466659545898e-01
-3.199108541011810303e-01
-1.427764058113098145e+00
-1.427764058113098145e+00
-2.303227663040161133e+00
-4.401600360870361328e-01
3.609897136688232422e+00
-1.511617541313171387e+00
-1.420309424400329590e+00
-1.912004828453063965e+00
-1.315397620201110840e+00
-4.905358552932739258e-01
