-3.012906381627544761e-05
1.193101434182608500e-05
-1.229941972269443795e-05
2.432763576507568359e-01
1.098401784896850586e+00
5.030322670936584473e-01
-2.071784001600462943e-05
2.460875111864879727e-05
-3.563509744708426297e-05
1.492873343522660434e-05
-1.543103098811116070e-05
1.616053850739262998e-05
6.153706312179565430e-01
6.082134246826171875e-01
5.102995038032531738e-01
-1.159469684353098273e-05
3.853449743473902345e-05
1.092374473810195923e-01
1.412901431322097778e-01
3.026072954526171088e-05
-2.301929453096818179e-05
4.817631840705871582e-01
5.108610391616821289e-01
-1.114591723307967186e-03
-1.089497618522727862e-05
2.966422653116751462e-05
1.286343649553600699e-05
9.928835630416870117e-01
-1.426120945779985050e-07
-3.523713894537650049e-05
1.140166114055318758e-05
2.911544144153594971e-01
-1.455645178793929517e-05
2.577913073764648288e-05
2.165299504995346069e-01
1.904830423882231116e-05
3.907910883426666260e-01
1.830229393817717209e-06
6.379064870998263359e-05
3.567503881640732288e-05
6.489402494480600581e-06
-1.103141676139784977e-05
3.020730582647956908e-05
-5.386748398450436071e-06
8.917897939682006836e-01
6.215581893920898438e-01
1.184810996055603027e-01
-5.664800255544832908e-07
4.661978164222091436e-05
2.145072176062967628e-05
2.828405740729067475e-06
3.157522951369173825e-05
2.168589162465650588e-05
1.001570343971252441e+00
1.473956942558288574e+00
1.326613187789916992e+00
-3.504530104692094028e-05
1.045089447870850563e-06
3.666606789920479059e-05
2.798968671413604170e-05
-2.436260911053977907e-05
-1.269730637432076037e-05
3.191378414630889893e-01
1.028267264366149902e+00
1.645955443382263184e+00
7.557302713394165039e-01
4.515038381214253604e-05
5.654820051859132946e-05
7.485265086870640516e-05
-1.182560845336411148e-05
1.908832382468972355e-05
1.013355851173400879e-01
4.066831767559051514e-01
1.854971647262573242e-01
4.570912420749664307e-01
3.268104046583175659e-05
2.824354358017444611e-02
3.118979293503798544e-05
9.004682215163484216e-05
3.083707633777521551e-05
7.630646905454341322e-06
4.739610850811004639e-01
6.610202044248580933e-02
1.617237031459808350e-01
5.616579651832580566e-01
-2.257055894006043673e-05
6.316975951194763184e-01
5.604532634606584907e-05
-3.402759830350987613e-05
-5.874481303180800751e-06
-1.425138270860770717e-05
1.953302174806594849e-01
-6.160051270853728056e-06
1.220940500497817993e-01
3.131519854068756104e-01
2.054308197330101393e-06
4.689708650112152100e-01
6.544477218994870782e-05
-3.735298741958104074e-05
8.732675269129686058e-06
