5.677221298217773438e+00
3.722571849822998047e+00
1.824317336082458496e+00
2.093749761581420898e+00
3.297729969024658203e+00
5.330129623413085938e+00
3.959137678146362305e+00
1.121856927871704102e+00
-1.645814657211303711e+00
-1.565105676651000977e+00
4.754642963409423828e+00
6.229574680328369141e+00
5.204480171203613281e+00
2.239348888397216797e+00
2.731627702713012695e+00
5.849409580230712891e+00
6.520995616912841797e+00
6.384456634521484375e+00
1.838276147842407227e+00
-5.630574226379394531e-01
5.136276483535766602e-01
3.862726926803588867e+00
5.505378246307373047e+00
1.687926888465881348e+00
-5.005506873130798340e-01
2.454791307449340820e+00
3.535159111022949219e+00
5.938071250915527344e+00
3.035129785537719727e+00
-1.406580791808664799e-03
3.028069734573364258e-01
1.517492651939392090e+00
5.848388671875000000e+00
4.380687236785888672e+00
3.903956115245819092e-01
1.602439641952514648e+00
1.761647582054138184e+00
4.171306133270263672e+00
2.376789093017578125e+00
-1.194170191884040833e-01
5.388276576995849609e-01
-5.135236978530883789e-01
8.728380799293518066e-01
3.471500873565673828e+00
6.301522850990295410e-01
1.362040758132934570e+00
1.245721340179443359e+00
3.388524770736694336e+00
1.853972196578979492e+00
-3.091282248497009277e-01
7.103684544563293457e-01
3.410061001777648926e-01
-7.584528326988220215e-01
1.976892709732055664e+00
5.166687965393066406e-01
1.398778557777404785e+00
1.923205852508544922e+00
3.784007310867309570e+00
1.943527579307556152e+00
-3.786590099334716797e-01
6.036659479141235352e-01
4.754172563552856445e-01
-1.633922904729843140e-01
1.252859950065612793e+00
6.709594130516052246e-01
1.123467326164245605e+00
1.961851954460144043e+00
3.831202268600463867e+00
2.046683549880981445e+00
1.963859796524047852e-02
3.671675026416778564e-01
4.174422621726989746e-01
2.559207975864410400e-01
9.622738957405090332e-01
7.991839647293090820e-01
1.766650915145874023e+00
1.987402319908142090e+00
3.620909452438354492e+00
1.549105882644653320e+00
4.289791285991668701e-01
3.381872773170471191e-01
3.392139673233032227e-01
5.722125172615051270e-01
8.881194591522216797e-01
7.484288811683654785e-01
2.250387668609619141e+00
2.820846319198608398e+00
3.881789445877075195e+00
1.140398383140563965e+00
7.606050968170166016e-01
3.376639783382415771e-01
3.376639783382415771e-01
7.308462858200073242e-01
8.344402313232421875e-01
8.775532245635986328e-01
2.021403551101684570e+00
2.515367507934570312e+00
3.306562662124633789e+00
6.164769530296325684e-01
1.110992550849914551e+00
