-1.258858355868142098e-05
-1.258858355868142098e-05
-1.258858355868142098e-05
-1.258858355868142098e-05
-1.258858355868142098e-05
-1.258858355868142098e-05
-1.258858355868142098e-05
-1.258858355868142098e-05
-1.258858355868142098e-05
-1.258858355868142098e-05
-1.258858355868142098e-05
-2.266883348056580871e-05
7.083670880092540756e-06
-2.646366374392528087e-05
-1.516898464615223929e-05
6.532283805427141488e-06
2.739778892646427266e-06
1.256745576938556042e-06
-2.445537347739445977e-06
-3.767844191315816715e-06
3.378621477168053389e-05
2.813425089698284864e-05
-3.541325668265926652e-06
-1.258858355868142098e-05
-1.258858355868142098e-05
-1.258858355868142098e-05
-1.258858355868142098e-05
-1.258858355868142098e-05
-1.258858355868142098e-05
-1.258858355868142098e-05
-1.258858355868142098e-05
-1.258858355868142098e-05
-1.258858355868142098e-05
-1.258858355868142098e-05
-1.258858355868142098e-05
-1.258858355868142098e-05
-1.258858355868142098e-05
2.192363899666815996e-05
-1.295028050662949681e-05
-1.555320159241091460e-05
-1.031516512739472091e-05
8.761378121562302113e-04
5.375914573669433594e-01
1.041819214820861816e+00
1.185710787773132324e+00
9.560153484344482422e-01
3.233017325401306152e-01
2.649871930771041662e-05
-3.978952736360952258e-05
3.973256389144808054e-05
6.943382231838768348e-06
-1.258858355868142098e-05
-1.258858355868142098e-05
-1.258858355868142098e-05
-1.258858355868142098e-05
-1.258858355868142098e-05
-1.258858355868142098e-05
-1.258858355868142098e-05
-1.258858355868142098e-05
-1.258858355868142098e-05
-1.258858355868142098e-05
-1.258858355868142098e-05
-1.258858355868142098e-05
-1.258858355868142098e-05
-3.325095894979313016e-05
-1.097003860195400193e-05
1.325851280853385106e-05
3.102119266986846924e-01
8.796629309654235840e-01
1.086187005043029785e+00
1.291400671005249023e+00
1.420026063919067383e+00
1.351987719535827637e+00
9.546892642974853516e-01
1.788917481899261475e-01
5.007398613088298589e-06
-8.954794793680775911e-06
4.023058136226609349e-05
2.473303356964606792e-05
-1.258858355868142098e-05
-1.258858355868142098e-05
-1.258858355868142098e-05
-1.258858355868142098e-05
-1.258858355868142098e-05
-1.258858355868142098e-05
-1.258858355868142098e-05
-1.258858355868142098e-05
-1.258858355868142098e-05
-1.258858355868142098e-05
-1.258858355868142098e-05
-1.258858355868142098e-05
-1.258858355868142098e-05
-3.090625250479206443e-05
2.152376873709727079e-05
1.485308855772018433e-01
1.121758818626403809e+00
1.661495208740234375e+00
1.549403190612792969e+00
1.226820826530456543e+00
8.196394443511962891e-01
5.842645168304443359e-01
1.895008087158203125e-01
-1.884741504909470677e-05
-3.240429941797628999e-05
3.807962639257311821e-05
-8.155234354489948601e-06
2.455989852023776621e-05
-1.258858355868142098e-05
-1.258858355868142098e-05
-1.258858355868142098e-05
-1.258858355868142098e-05
-1.258858355868142098e-05
-1.258858355868142098e-05
-1.258858355868142098e-05
-1.258858355868142098e-05
-1.258858355868142098e-05
-1.258858355868142098e-05
-1.258858355868142098e-05
-1.258858355868142098e-05
-1.258858355868142098e-05
2.141648838005494326e-05
-3.065828423132188618e-06
8.414403200149536133e-01
1.661122798919677734e+00
1.554860353469848633e+00
9.780275225639343262e-01
3.339977264404296875e-01
-2.055875029327580705e-06
-1.812146479096554685e-06
-5.786532256024656817e-06
-2.061021768895443529e-05
1.244768100150395185e-05
-1.510553101979894564e-05
5.810894435853697360e-06
-4.405930212669773027e-06
-1.258858355868142098e-05
-1.258858355868142098e-05
-1.258858355868142098e-05
-1.258858355868142098e-05
-1.258858355868142098e-05
-1.258858355868142098e-05
-1.258858355868142098e-05
-1.258858355868142098e-05
-1.258858355868142098e-05
-1.258858355868142098e-05
-1.258858355868142098e-05
-1.258858355868142098e-05
1.687269559624837711e-06
-3.307784481876296923e-06
4.766411483287811279e-01
1.490736722946166992e+00
1.588474392890930176e+00
1.038491129875183105e+00
3.151478767395019531e-01
-2.670727326403721236e-06
2.846163988579064608e-05
-1.542181053082458675e-05
8.595611689088400453e-07
4.535454081633361056e-06
1.944057112268637866e-05
1.209331549034686759e-05
9.821073945204261690e-06
-6.825843229307793081e-06
-1.258858355868142098e-05
-1.258858355868142098e-05
-1.258858355868142098e-05
-1.258858355868142098e-05
-1.258858355868142098e-05
-1.258858355868142098e-05
-1.258858355868142098e-05
-1.258858355868142098e-05
-1.258858355868142098e-05
-1.258858355868142098e-05
-1.258858355868142098e-05
-1.258858355868142098e-05
5.816332304675597697e-06
-1.067008724930929020e-05
7.385000586509704590e-01
1.690785527229309082e+00
1.449681878089904785e+00
2.109518945217132568e-01
6.336448677757289261e-06
1.016425358102424070e-05
1.458536735299276188e-05
-1.658893961575813591e-05
1.717503982945345342e-05
-1.306233207287732512e-05
-2.636399949551559985e-05
2.592295277281664312e-05
-3.004189966304693371e-05
-1.301194242842029780e-05
-1.258858355868142098e-05
-1.258858355868142098e-05
-1.258858355868142098e-05
-1.258858355868142098e-05
-1.258858355868142098e-05
-1.258858355868142098e-05
-1.258858355868142098e-05
-1.258858355868142098e-05
-1.258858355868142098e-05
-1.258858355868142098e-05
-1.258858355868142098e-05
-1.258858355868142098e-05
2.180378487537382171e-06
-1.670328856562264264e-05
6.435933113098144531e-01
1.813402056694030762e+00
1.625526428222656250e+00
1.997039467096328735e-01
1.410017466696444899e-05
4.537775453172798734e-07
-8.491737389704212546e-06
-1.639932997932191938e-05
-9.291828064306173474e-06
9.339892130810767412e-06
-6.990218480495968834e-06
1.482374318584334105e-05
2.525784293538890779e-05
-1.258858355868142098e-05
-1.258858355868142098e-05
-1.258858355868142098e-05
-1.258858355868142098e-05
-1.258858355868142098e-05
-1.258858355868142098e-05
-1.258858355868142098e-05
-1.258858355868142098e-05
-1.258858355868142098e-05
-1.258858355868142098e-05
-1.258858355868142098e-05
-1.258858355868142098e-05
-1.258858355868142098e-05
-3.411839497857727110e-05
-1.262223486264701933e-05
5.494639277458190918e-01
1.713078618049621582e+00
1.785895824432373047e+00
3.625442087650299072e-01
1.616374174773227423e-05
-9.230609066435135901e-06
1.754145324230194092e-02
5.997416377067565918e-01
7.364292144775390625e-01
1.680405586957931519e-01
3.562834535841830075e-05
3.958700472139753401e-05
-2.677972224773839116e-05
-1.258858355868142098e-05
-1.258858355868142098e-05
-1.258858355868142098e-05
-1.258858355868142098e-05
-1.258858355868142098e-05
-1.258858355868142098e-05
-1.258858355868142098e-05
-1.258858355868142098e-05
-1.258858355868142098e-05
-1.258858355868142098e-05
-1.258858355868142098e-05
-1.258858355868142098e-05
-1.258858355868142098e-05
-3.088730954914353788e-05
-7.095633463904960081e-06
3.304522633552551270e-01
1.554223895072937012e+00
1.902953505516052246e+00
1.133451581001281738e+00
-5.865942057425854728e-06
-3.615160267145256512e-06
6.984988451004028320e-01
1.200435400009155273e+00
8.532218933105468750e-01
1.316131033490819391e-06
-1.701915971352718771e-05
-4.663571598939597607e-05
3.929017111659049988e-05
-1.258858355868142098e-05
-1.258858355868142098e-05
-1.258858355868142098e-05
-1.258858355868142098e-05
-1.258858355868142098e-05
-1.258858355868142098e-05
-1.258858355868142098e-05
-1.258858355868142098e-05
-1.258858355868142098e-05
-1.258858355868142098e-05
-1.258858355868142098e-05
-1.258858355868142098e-05
-1.258858355868142098e-05
-2.730579944909550250e-05
2.029311326623428613e-05
2.195807028328999877e-04
1.088799715042114258e+00
1.845663189888000488e+00
1.887774705886840820e+00
8.886205554008483887e-01
7.302353978157043457e-01
1.097513079643249512e+00
1.065009713172912598e+00
3.184885978698730469e-01
2.470523213560227305e-05
-3.239184297854080796e-05
4.067710324306972325e-05
3.655317050288431346e-05
-1.258858355868142098e-05
-1.258858355868142098e-05
-1.258858355868142098e-05
-1.258858355868142098e-05
-1.258858355868142098e-05
-1.258858355868142098e-05
-1.258858355868142098e-05
-1.258858355868142098e-05
-1.258858355868142098e-05
-1.258858355868142098e-05
-1.258858355868142098e-05
-1.258858355868142098e-05
-1.258858355868142098e-05
8.427120519627351314e-06
1.873193650681059808e-05
1.102430906030349433e-05
4.166154265403747559e-01
1.555697321891784668e+00
2.121990203857421875e+00
1.720971226692199707e+00
1.323680043220520020e+00
9.426409006118774414e-01
3.687151074409484863e-01
1.223001345351804048e-05
-3.041917261725757271e-05
1.244588929694145918e-05
3.467374335741624236e-05
2.246788972115609795e-05
-1.258858355868142098e-05
-1.258858355868142098e-05
-1.258858355868142098e-05
-1.258858355868142098e-05
-1.258858355868142098e-05
-1.258858355868142098e-05
-1.258858355868142098e-05
-1.258858355868142098e-05
-1.258858355868142098e-05
-1.258858355868142098e-05
-1.258858355868142098e-05
-1.258858355868142098e-05
-1.258858355868142098e-05
-1.258858355868142098e-05
-1.544778569950722158e-05
2.228369339718483388e-05
-3.956647105951560661e-06
1.059039831161499023e+00
2.042307376861572266e+00
2.087690591812133789e+00
1.608790397644042969e+00
6.796295642852783203e-01
-1.254101903214177582e-06
2.594091347418725491e-05
-2.904794018832035363e-05
1.078152854461222887e-05
7.496173992649346474e-08
3.368589750607497990e-05
-1.258858355868142098e-05
-1.258858355868142098e-05
-1.258858355868142098e-05
-1.258858355868142098e-05
-1.258858355868142098e-05
-1.258858355868142098e-05
-1.258858355868142098e-05
-1.258858355868142098e-05
-1.258858355868142098e-05
-1.258858355868142098e-05
-1.258858355868142098e-05
-1.258858355868142098e-05
-1.258858355868142098e-05
-1.258858355868142098e-05
2.975041570607572794e-05
2.250919533253181726e-05
-5.456472536025103182e-06
9.240384697914123535e-01
2.094674587249755859e+00
2.340138673782348633e+00
2.092892169952392578e+00
6.639865040779113770e-01
-4.109015662834281102e-06
-3.647949779406189919e-05
3.465342524577863514e-05
-2.397201205894816667e-05
2.456389483995735645e-05
-1.351592982246074826e-05
-1.258858355868142098e-05
-1.258858355868142098e-05
-1.258858355868142098e-05
-1.258858355868142098e-05
-1.258858355868142098e-05
-1.258858355868142098e-05
-1.258858355868142098e-05
-1.258858355868142098e-05
-1.258858355868142098e-05
-1.258858355868142098e-05
-1.258858355868142098e-05
-1.258858355868142098e-05
-1.258858355868142098e-05
-1.258858355868142098e-05
2.424997364869341254e-05
1.458002429899352137e-06
3.163506090641021729e-01
1.373009085655212402e+00
2.069421529769897461e+00
2.131709098815917969e+00
1.993544697761535645e+00
9.296087622642517090e-01
-4.823379185836529359e-06
9.040152690431568772e-06
-6.540806225530104712e-06
3.184963134117424488e-05
3.340468174428679049e-05
-1.258858355868142098e-05
-1.258858355868142098e-05
-1.258858355868142098e-05
-1.258858355868142098e-05
-1.258858355868142098e-05
-1.258858355868142098e-05
-1.258858355868142098e-05
-1.258858355868142098e-05
-1.258858355868142098e-05
-1.258858355868142098e-05
-1.258858355868142098e-05
-1.258858355868142098e-05
-1.258858355868142098e-05
-1.258858355868142098e-05
-1.258858355868142098e-05
2.764650889730546623e-05
3.957796707254601642e-06
7.692008018493652344e-01
1.554191231727600098e+00
1.587028264999389648e+00
1.652047276496887207e+00
1.804175734519958496e+00
1.292984962463378906e+00
2.151750326156616211e-01
-1.251249796041520312e-05
4.209823600831441581e-05
-3.611692591221071780e-05
1.854747279139701277e-05
-1.258858355868142098e-05
-1.258858355868142098e-05
-1.258858355868142098e-05
-1.258858355868142098e-05
-1.258858355868142098e-05
-1.258858355868142098e-05
-1.258858355868142098e-05
-1.258858355868142098e-05
-1.258858355868142098e-05
-1.258858355868142098e-05
-1.258858355868142098e-05
-1.258858355868142098e-05
-1.258858355868142098e-05
-1.258858355868142098e-05
-1.258858355868142098e-05
2.217443216068204492e-05
7.920029014348983765e-02
1.173907637596130371e+00
1.694171667098999023e+00
1.016833066940307617e+00
8.111157417297363281e-01
1.486708879470825195e+00
1.692344069480895996e+00
8.292196393013000488e-01
2.095292438752949238e-05
-4.788551814272068441e-05
4.485580575419589877e-05
-2.699446486076340079e-05
-1.258858355868142098e-05
-1.258858355868142098e-05
-1.258858355868142098e-05
-1.258858355868142098e-05
-1.258858355868142098e-05
-1.258858355868142098e-05
-1.258858355868142098e-05
-1.258858355868142098e-05
-1.258858355868142098e-05
-1.258858355868142098e-05
-1.258858355868142098e-05
-1.258858355868142098e-05
-1.258858355868142098e-05
-1.258858355868142098e-05
-1.258858355868142098e-05
2.511513775971252471e-05
2.630287706851959229e-01
1.485595107078552246e+00
1.550130844116210938e+00
3.758572041988372803e-01
1.751978397369384766e-01
1.307562470436096191e+00
1.914118409156799316e+00
1.364621043205261230e+00
1.403327814841759391e-06
4.869687472819350660e-05
4.409659231896512210e-05
-1.434024125046562403e-05
-1.258858355868142098e-05
-1.258858355868142098e-05
-1.258858355868142098e-05
-1.258858355868142098e-05
-1.258858355868142098e-05
-1.258858355868142098e-05
-1.258858355868142098e-05
-1.258858355868142098e-05
-1.258858355868142098e-05
-1.258858355868142098e-05
-1.258858355868142098e-05
-1.258858355868142098e-05
-1.258858355868142098e-05
-1.258858355868142098e-05
-1.258858355868142098e-05
5.030090505897533149e-06
3.420076370239257812e-01
1.615121364593505859e+00
1.534870147705078125e+00
6.242187321186065674e-02
1.047271234710933641e-05
9.975882768630981445e-01
1.866773486137390137e+00
1.704133272171020508e+00
3.690416216850280762e-01
-4.584374255500733852e-05
-5.068169775768183172e-05
3.404475137358531356e-05
-1.258858355868142098e-05
-1.258858355868142098e-05
-1.258858355868142098e-05
-1.258858355868142098e-05
-1.258858355868142098e-05
-1.258858355868142098e-05
-1.258858355868142098e-05
-1.258858355868142098e-05
-1.258858355868142098e-05
-1.258858355868142098e-05
-1.258858355868142098e-05
-1.258858355868142098e-05
-1.258858355868142098e-05
-1.258858355868142098e-05
-1.258858355868142098e-05
-1.899908784253057092e-05
3.308370113372802734e-01
1.558679223060607910e+00
1.574790477752685547e+00
1.716369837522506714e-01
7.671364983252715319e-06
9.014331102371215820e-01
1.775697469711303711e+00
1.819963455200195312e+00
5.419030189514160156e-01
3.699139051605015993e-05
5.193339529796503484e-05
3.330995241412892938e-05
-1.258858355868142098e-05
-1.258858355868142098e-05
-1.258858355868142098e-05
-1.258858355868142098e-05
-1.258858355868142098e-05
-1.258858355868142098e-05
-1.258858355868142098e-05
-1.258858355868142098e-05
-1.258858355868142098e-05
-1.258858355868142098e-05
-1.258858355868142098e-05
-1.258858355868142098e-05
-1.258858355868142098e-05
-1.258858355868142098e-05
-1.258858355868142098e-05
-2.969646084238775074e-05
6.813266128301620483e-02
1.188786506652832031e+00
1.733416318893432617e+00
9.463548660278320312e-01
4.853203892707824707e-01
1.180452585220336914e+00
1.677491068840026855e+00
1.530284523963928223e+00
3.089158236980438232e-01
1.078652348951436579e-05
1.341354982287157327e-05
-3.727989678736776114e-05
-1.258858355868142098e-05
-1.258858355868142098e-05
-1.258858355868142098e-05
-1.258858355868142098e-05
-1.258858355868142098e-05
-1.258858355868142098e-05
-1.258858355868142098e-05
-1.258858355868142098e-05
-1.258858355868142098e-05
-1.258858355868142098e-05
-1.258858355868142098e-05
-1.258858355868142098e-05
-1.258858355868142098e-05
-1.258858355868142098e-05
-1.258858355868142098e-05
2.202935684181284159e-05
3.569988166418625042e-06
7.734536528587341309e-01
1.852303981781005859e+00
1.944665789604187012e+00
1.450446128845214844e+00
1.197400450706481934e+00
1.022732973098754883e+00
6.267418265342712402e-01
6.152269179438007995e-06
6.935409601283026859e-06
6.180995569593505934e-06
2.902040614571888000e-05
-1.258858355868142098e-05
-1.258858355868142098e-05
-1.258858355868142098e-05
-1.258858355868142098e-05
-1.258858355868142098e-05
-1.258858355868142098e-05
-1.258858355868142098e-05
-1.258858355868142098e-05
-1.258858355868142098e-05
-1.258858355868142098e-05
-1.258858355868142098e-05
-1.258858355868142098e-05
-1.258858355868142098e-05
-1.258858355868142098e-05
-1.258858355868142098e-05
1.551511195430066437e-05
4.322136192058678716e-06
3.860070109367370605e-01
1.452890872955322266e+00
1.870739340782165527e+00
1.722324848175048828e+00
1.121844291687011719e+00
3.950918912887573242e-01
5.709462584491120651e-06
-2.458325980114750564e-05
-1.742622407618910074e-05
-3.046612391699454747e-06
3.803645449806936085e-05
-1.258858355868142098e-05
-1.258858355868142098e-05
-1.258858355868142098e-05
-1.258858355868142098e-05
-1.258858355868142098e-05
-1.258858355868142098e-05
-1.258858355868142098e-05
-1.258858355868142098e-05
-1.258858355868142098e-05
-1.258858355868142098e-05
-1.258858355868142098e-05
-1.258858355868142098e-05
-1.258858355868142098e-05
-1.258858355868142098e-05
-1.258858355868142098e-05
-1.937389242812059820e-05
-1.608748607395682484e-05
-1.227469238074263558e-05
3.457148671150207520e-01
1.268868446350097656e+00
1.514652848243713379e+00
6.340494751930236816e-01
7.906150131020694971e-06
-1.403497299179434776e-05
3.160581763950176537e-05
2.090057387249544263e-05
1.642850293137598783e-05
3.194620876456610858e-05
-1.258858355868142098e-05
-1.258858355868142098e-05
-1.258858355868142098e-05
-1.258858355868142098e-05
-1.258858355868142098e-05
-1.258858355868142098e-05
-1.258858355868142098e-05
-1.258858355868142098e-05
-1.258858355868142098e-05
-1.258858355868142098e-05
-1.258858355868142098e-05
-1.258858355868142098e-05
-1.258858355868142098e-05
-1.258858355868142098e-05
-1.258858355868142098e-05
-2.943409344879910350e-05
-1.393905222357716411e-05
-1.517718828836223111e-05
3.579043195145459322e-08
6.962992995977401733e-02
3.375357687473297119e-01
2.700573764741420746e-02
1.134617468778742477e-05
-1.484783933847211301e-05
-3.186132380506023765e-05
-3.086554715991951525e-05
-1.381826677970821038e-05
2.597743150545284152e-05
-1.258858355868142098e-05
-1.258858355868142098e-05
-1.258858355868142098e-05
-1.258858355868142098e-05
-1.258858355868142098e-05
-1.258858355868142098e-05
-1.258858355868142098e-05
-1.258858355868142098e-05
-1.258858355868142098e-05
-1.258858355868142098e-05
-1.258858355868142098e-05
-1.258858355868142098e-05
-1.258858355868142098e-05
-1.258858355868142098e-05
-1.258858355868142098e-05
-3.092747647315263748e-05
3.008542626048438251e-05
3.005851976922713220e-05
-2.811350896081421524e-05
1.794712625269312412e-05
7.437434987878077663e-07
-5.881734523427439854e-06
-1.342220548394834623e-05
1.167032587545691058e-05
1.519913894298952073e-05
-2.027886148425750434e-05
2.705932092794682831e-05
-1.277003502764273435e-05
-1.258858355868142098e-05
-1.258858355868142098e-05
-1.258858355868142098e-05
-1.258858355868142098e-05
-1.258858355868142098e-05
-1.258858355868142098e-05
-1.258858355868142098e-05
-1.258858355868142098e-05
-1.258858355868142098e-05
-1.258858355868142098e-05
-1.258858355868142098e-05
-1.258858355868142098e-05
-1.258858355868142098e-05
-1.258858355868142098e-05
-1.258858355868142098e-05
-1.224698826263193041e-05
1.519754550827201456e-05
-2.857004255929496139e-05
1.497319044574396685e-05
3.101074253208935261e-05
-2.759886774583719671e-05
-2.057175152003765106e-05
-1.900720235425978899e-05
-1.394746595906326547e-05
-1.063885429175570607e-05
8.268380952358711511e-06
2.742792275967076421e-05
-1.258858355868142098e-05
-1.258858355868142098e-05
-1.258858355868142098e-05
-1.258858355868142098e-05
-1.258858355868142098e-05
-1.258858355868142098e-05
-1.258858355868142098e-05
-1.258858355868142098e-05
-1.258858355868142098e-05
-1.258858355868142098e-05
-1.258858355868142098e-05
-1.258858355868142098e-05
-1.258858355868142098e-05
-1.258858355868142098e-05
-1.258858355868142098e-05
-1.258858355868142098e-05
-1.258858355868142098e-05
8.427120519627351314e-06
-1.002550743578467518e-05
1.555985363665968180e-05
3.258119249949231744e-05
5.352656899049179628e-06
-7.755192200420424342e-06
-2.947556822618935257e-05
2.161408156098332256e-05
-2.393398972344584763e-05
-2.578300882305484265e-05
-1.266920753550948575e-05
-1.258858355868142098e-05
-1.258858355868142098e-05
-1.258858355868142098e-05
-1.258858355868142098e-05
-1.258858355868142098e-05
-1.258858355868142098e-05
-1.258858355868142098e-05
-1.258858355868142098e-05
