9.465470910072326660e-01
7.784844636917114258e-01
1.481480240821838379e+00
1.613779664039611816e+00
4.202633202075958252e-01
1.319453358650207520e+00
5.955433249473571777e-01
3.661149442195892334e-01
1.401347875595092773e+00
8.456832170486450195e-01
3.566231250762939453e+00
8.403936028480529785e-01
-2.312782555818557739e-01
8.612237572669982910e-01
2.766797542572021484e-01
1.376876831054687500e+00
9.107807278633117676e-01
-1.538337111473083496e+00
-8.010975718498229980e-01
-6.082230210304260254e-01
3.126197338104248047e+00
2.210394620895385742e+00
-1.182006120681762695e+00
-7.216506004333496094e-01
-6.974002718925476074e-01
1.434469819068908691e+00
2.936373472213745117e+00
7.767588496208190918e-01
-4.509580433368682861e-01
-9.669951200485229492e-01
-2.059505939483642578e+00
1.349528670310974121e+00
-2.046618938446044922e+00
-3.705049991607666016e+00
-3.411433458328247070e+00
-8.149487376213073730e-01
1.511209011077880859e+00
1.961714982986450195e+00
9.298907965421676636e-02
-9.386461377143859863e-01
4.493005201220512390e-02
3.256999015808105469e+00
4.231099605560302734e+00
1.904085755348205566e+00
1.516082882881164551e+00
2.546719074249267578e+00
3.128129243850708008e+00
3.237560749053955078e+00
8.422584533691406250e-01
-5.573491454124450684e-01
4.438866972923278809e-01
5.921384692192077637e-01
3.027865886688232422e+00
1.606192350387573242e+00
1.281999111175537109e+00
1.786625981330871582e+00
2.626714944839477539e+00
3.132678031921386719e+00
8.592779040336608887e-01
-7.242650985717773438e-01
8.703379631042480469e-01
4.105124473571777344e-01
1.386008739471435547e+00
8.808472156524658203e-01
1.172271728515625000e+00
1.522597074508666992e+00
2.370475053787231445e+00
3.224373340606689453e+00
7.334582209587097168e-01
-1.189483761787414551e+00
1.096349120140075684e+00
1.028831839561462402e+00
1.048237442970275879e+00
6.530666351318359375e-01
1.237651109695434570e+00
1.571808695793151855e+00
1.919939994812011719e+00
3.147362947463989258e+00
6.807772517204284668e-01
-1.217227935791015625e+00
6.421312093734741211e-01
6.440454721450805664e-01
6.750248074531555176e-01
2.557734251022338867e-01
1.325551986694335938e+00
1.855977416038513184e+00
1.548619270324707031e+00
2.701668500900268555e+00
3.996251523494720459e-01
-1.221706032752990723e+00
6.325782537460327148e-01
6.325782537460327148e-01
6.849145889282226562e-01
2.513298988342285156e-01
1.633511066436767578e+00
1.881593585014343262e+00
1.738887310028076172e+00
2.421229124069213867e+00
4.467092454433441162e-01
-8.078398108482360840e-01
