1.630055904388427734e-01
7.922372221946716309e-02
7.721111923456192017e-02
3.238897534174611792e-06
5.631724596023559570e-01
8.823649287223815918e-01
2.137367129325866699e-01
-2.285583605043939315e-06
-1.957681888598017395e-06
3.550555706024169922e-01
8.456059958916739561e-07
-2.331531732124858536e-06
7.884039282798767090e-01
5.226484537124633789e-01
1.433759570121765137e+00
7.499592900276184082e-01
1.048474496201379225e-05
1.226120275532593951e-05
2.227219920314382762e-05
2.557995319366455078e-01
1.964970678091049194e-01
2.860714867711067200e-02
-1.355979520667460747e-06
4.819461878469155636e-07
7.774046063423156738e-02
4.311535576562164351e-06
2.203176518378313631e-05
-5.457532552100019529e-06
5.389065790950553492e-06
1.644092202186584473e-01
3.514096140861511230e-01
-4.102110779058421031e-06
-5.378843707148917019e-05
-5.591451554209925234e-05
2.725325248320586979e-05
1.209697893500560895e-05
1.088950932025909424e-01
8.176189064979553223e-01
1.075004711747169495e-01
2.707601189613342285e-01
3.331019878387451172e-01
1.769182384014129639e-01
6.168436084408313036e-05
-2.511392267479095608e-05
-6.363878492265939713e-04
1.725006541164475493e-06
6.665505170822143555e-01
6.201918721199035645e-01
-3.453156296018278226e-06
2.059119641780853271e-01
2.676042616367340088e-01
3.673674762248992920e-01
2.011655305977910757e-05
1.671886593612725846e-06
3.261770820245146751e-03
2.234672501799650490e-05
-1.621984210942173377e-06
1.498001438449136913e-05
4.393275082111358643e-01
1.349884271621704102e-01
1.486774235963821411e-01
7.990682125091552734e-02
1.037144809961318970e-01
3.338984242873266339e-05
1.091332023861468770e-06
2.510424517095088959e-02
4.709038876171689481e-06
6.607443094253540039e-02
1.098036170005798340e+00
6.127964258193969727e-01
1.427013725042343140e-01
2.779660187661647797e-02
2.670432627201080322e-01
1.221995353262173012e-05
-1.417929433955578133e-05
4.356733916210941970e-05
3.447698652744293213e-01
3.553937673568725586e-01
8.441544175148010254e-01
7.872031331062316895e-01
2.420747876167297363e-01
-1.075832756214367691e-06
-3.757286322070285678e-05
-2.949881127278786153e-05
-6.751257751602679491e-05
-1.293836685363203287e-04
-7.474084213754395023e-06
4.594155598169891164e-06
1.127688301494345069e-05
5.127699971199035645e-01
3.570321202278137207e-01
-5.413901526480913162e-04
-9.927879546012263745e-06
-7.873773574829101562e-05
-1.992224315472412854e-05
8.662101754453033209e-05
2.130472785211168230e-05
5.970893107587471604e-05
-1.786616849130950868e-05
3.208778798580169678e-01
