3.485291302204132080e-01
3.909412324428558350e-01
-7.629801630973815918e-01
-1.945146560668945312e+00
-7.273877263069152832e-01
8.327385187149047852e-01
2.031600713729858398e+00
1.204642653465270996e+00
-1.827021360397338867e+00
1.157721519470214844e+00
-2.691884994506835938e+00
-2.036576986312866211e+00
-3.201519966125488281e+00
-5.769923210144042969e+00
-4.025284767150878906e+00
-2.252336978912353516e+00
-7.112713158130645752e-02
-5.762509703636169434e-01
-3.470972776412963867e+00
1.548912525177001953e+00
-1.101143360137939453e+00
-9.856075048446655273e-02
-3.102894127368927002e-01
-2.885452270507812500e+00
-1.435785055160522461e+00
2.091640830039978027e-01
2.633913278579711914e+00
1.312115192413330078e+00
-2.134989976882934570e+00
2.351908683776855469e+00
7.033649086952209473e-01
2.642649412155151367e-01
-5.607350468635559082e-01
-1.767469763755798340e+00
-2.834658145904541016e+00
-1.291231036186218262e+00
5.138499736785888672e-01
-1.161746263504028320e+00
-4.361335277557373047e+00
6.802687644958496094e-01
-3.531756997108459473e-01
-1.158862709999084473e+00
-1.365354657173156738e+00
-3.677837371826171875e+00
-5.644678592681884766e+00
-2.670376539230346680e+00
1.417918950319290161e-01
-7.147669792175292969e-01
-4.064567565917968750e+00
3.878415226936340332e-01
1.714351624250411987e-01
-2.897640764713287354e-01
-1.821597814559936523e-01
-1.315815687179565430e+00
-5.548106670379638672e+00
-8.922581672668457031e-01
1.268893241882324219e+00
-3.917228579521179199e-01
-4.413627624511718750e+00
7.043156623840332031e-01
9.563610702753067017e-02
9.060055762529373169e-02
-1.333224773406982422e-01
-1.241120815277099609e+00
-5.429046630859375000e+00
-4.733519554138183594e-01
1.406930565834045410e+00
-1.380192875862121582e+00
-3.825183629989624023e+00
1.193615078926086426e+00
5.973136425018310547e-02
6.683406233787536621e-02
-6.617283076047897339e-02
-1.160941123962402344e+00
-4.436730861663818359e+00
-1.660371124744415283e-01
1.613003969192504883e+00
-2.018282413482666016e+00
-3.157969713211059570e+00
1.217298746109008789e+00
2.978428602218627930e-01
2.971684336662292480e-01
1.591257005929946899e-01
-1.552234768867492676e+00
-4.091800689697265625e+00
-1.905159652233123779e-02
1.405836224555969238e+00
-2.821380376815795898e+00
-2.532687902450561523e+00
1.408047914505004883e+00
3.023452758789062500e-01
3.023452758789062500e-01
1.464710980653762817e-01
-1.824176549911499023e+00
-3.480808019638061523e+00
2.071573436260223389e-01
8.702495098114013672e-01
-3.135152816772460938e+00
-1.576735258102416992e+00
1.056637048721313477e+00
