-1.476508677005767822e-01
-1.476508677005767822e-01
-1.476508677005767822e-01
-1.476508677005767822e-01
-1.476508677005767822e-01
-1.476508677005767822e-01
-1.476508677005767822e-01
-1.476508677005767822e-01
-1.476508677005767822e-01
-1.476508677005767822e-01
-1.476508677005767822e-01
-1.476508677005767822e-01
-1.476508677005767822e-01
-1.476508677005767822e-01
-1.476508677005767822e-01
-1.476508677005767822e-01
-1.476508677005767822e-01
-1.476508677005767822e-01
-1.476508677005767822e-01
-1.476508677005767822e-01
-1.476508677005767822e-01
-1.476508677005767822e-01
-1.476508677005767822e-01
-1.476508677005767822e-01
-1.476508677005767822e-01
-1.476508677005767822e-01
-1.476508677005767822e-01
-1.476508677005767822e-01
-1.476508677005767822e-01
-1.476508677005767822e-01
-1.476508677005767822e-01
-1.476508677005767822e-01
-1.476508677005767822e-01
-1.476508677005767822e-01
-1.476508677005767822e-01
-1.476508677005767822e-01
-1.476508677005767822e-01
-1.476508677005767822e-01
-1.476508677005767822e-01
-1.476508677005767822e-01
-1.476508677005767822e-01
-1.476508677005767822e-01
-1.476508677005767822e-01
-1.476508677005767822e-01
-1.476508677005767822e-01
-1.476508677005767822e-01
-1.476508677005767822e-01
-1.476508677005767822e-01
-1.476508677005767822e-01
-1.476508677005767822e-01
-1.476508677005767822e-01
-1.476508677005767822e-01
-1.476508677005767822e-01
-1.476508677005767822e-01
-1.476508677005767822e-01
-1.476508677005767822e-01
-1.476508677005767822e-01
-1.476508677005767822e-01
-1.476508677005767822e-01
-1.476508677005767822e-01
-1.476508677005767822e-01
-1.476508677005767822e-01
-1.476508677005767822e-01
-1.476508677005767822e-01
-1.476508677005767822e-01
-1.476508677005767822e-01
-1.476508677005767822e-01
-1.476508677005767822e-01
-1.476508677005767822e-01
-1.476508677005767822e-01
-1.476508677005767822e-01
-1.476508677005767822e-01
-1.476508677005767822e-01
-1.476508677005767822e-01
-1.476508677005767822e-01
-1.476508677005767822e-01
-1.476508677005767822e-01
-1.476508677005767822e-01
-1.476508677005767822e-01
-1.476508677005767822e-01
-1.476508677005767822e-01
-1.476508677005767822e-01
-1.476508677005767822e-01
-1.476508677005767822e-01
-1.588514447212219238e-01
-1.526907980442047119e-01
-1.183845922350883484e-01
-4.662165418267250061e-02
-6.412112619727849960e-03
-1.705758087337017059e-02
-5.574671179056167603e-02
-7.906208187341690063e-02
-8.063506335020065308e-02
-7.787932455539703369e-02
-7.496096938848495483e-02
-7.776113599538803101e-02
-8.322135359048843384e-02
-5.889376252889633179e-02
-3.340772539377212524e-02
-1.983636803925037384e-02
-2.282845228910446167e-02
-1.762657053768634796e-02
-4.654060304164886475e-02
-1.220483854413032532e-01
-1.669412553310394287e-01
-1.680791527032852173e-01
-1.476508677005767822e-01
-1.476508677005767822e-01
-1.476508677005767822e-01
-1.476508677005767822e-01
-1.476508677005767822e-01
-1.476508677005767822e-01
-3.054192662239074707e-01
-2.704910039901733398e-01
3.648259937763214111e-01
1.466661930084228516e+00
2.023825407028198242e+00
1.676134586334228516e+00
1.031100392341613770e+00
7.597746253013610840e-01
8.091464638710021973e-01
8.983327150344848633e-01
9.175084829330444336e-01
9.011676311492919922e-01
7.530856728553771973e-01
1.128273963928222656e+00
1.492212772369384766e+00
1.707926750183105469e+00
1.663634657859802246e+00
1.686172962188720703e+00
1.233229398727416992e+00
5.028728395700454712e-02
-5.297031402587890625e-01
-4.920006394386291504e-01
-1.476508677005767822e-01
-1.476508677005767822e-01
-1.476508677005767822e-01
-1.476508677005767822e-01
-1.476508677005767822e-01
-1.476508677005767822e-01
-3.628325462341308594e-01
-1.573991179466247559e-01
9.946724176406860352e-01
2.275857448577880859e+00
2.000604152679443359e+00
7.233071923255920410e-01
-6.074566021561622620e-02
1.860760599374771118e-01
5.935252904891967773e-01
7.749133110046386719e-01
7.886577844619750977e-01
7.844104170799255371e-01
6.563698649406433105e-01
1.263809800148010254e+00
1.454904317855834961e+00
9.181060791015625000e-01
6.411036252975463867e-01
6.174216866493225098e-01
-1.835067272186279297e-01
-2.092138051986694336e+00
-2.043610572814941406e+00
-9.743593931198120117e-01
-1.739157885313034058e-01
-1.476508677005767822e-01
-1.476508677005767822e-01
-1.476508677005767822e-01
-1.476508677005767822e-01
-1.476508677005767822e-01
-1.877808868885040283e-01
6.570905447006225586e-02
4.253400862216949463e-01
-4.292883723974227905e-02
-1.480929374694824219e+00
-1.279718399047851562e+00
-5.786256119608879089e-02
1.628180742263793945e-01
-9.302362203598022461e-01
-1.541430711746215820e+00
-1.459523916244506836e+00
-1.337191820144653320e+00
-1.274734854698181152e+00
-1.167233228683471680e+00
-1.829102993011474609e+00
-2.542055845260620117e+00
-1.552083492279052734e+00
-6.565402746200561523e-01
-1.033853530883789062e+00
-2.524147510528564453e+00
-1.570002794265747070e+00
-2.585203349590301514e-01
-1.976633369922637939e-01
-1.476508677005767822e-01
-1.476508677005767822e-01
-1.476508677005767822e-01
-1.476508677005767822e-01
-1.476508677005767822e-01
-4.358699023723602295e-01
-6.130223274230957031e-01
-4.760877788066864014e-01
-9.230780601501464844e-01
-2.053659200668334961e+00
-8.310475945472717285e-02
1.875116348266601562e+00
2.712371349334716797e-01
-2.170644283294677734e+00
-2.530951976776123047e+00
-1.740251898765563965e+00
-1.401275157928466797e+00
-1.711182475090026855e+00
-1.446010828018188477e+00
-1.873532891273498535e+00
-1.529702305793762207e+00
8.088968396186828613e-01
2.251434087753295898e+00
7.796598672866821289e-01
-2.073065280914306641e+00
-7.848592996597290039e-01
7.744854092597961426e-01
-7.775160670280456543e-02
-1.476508677005767822e-01
-1.476508677005767822e-01
-1.476508677005767822e-01
-1.476508677005767822e-01
-1.476508677005767822e-01
-4.945497214794158936e-01
-1.015615940093994141e+00
-9.518281221389770508e-01
-5.706431269645690918e-01
-9.304937720298767090e-01
6.492419242858886719e-01
1.776695132255554199e+00
-6.401630043983459473e-01
-1.297912240028381348e+00
-8.373031616210937500e-01
-2.551933526992797852e-01
-1.201037410646677017e-02
-1.486297547817230225e-01
-3.540204837918281555e-02
-1.742681115865707397e-01
6.824562549591064453e-01
2.800653696060180664e+00
3.118281602859497070e+00
9.454360008239746094e-01
-2.163500547409057617e+00
-5.277931690216064453e-01
1.446354746818542480e+00
-6.256588548421859741e-02
-1.476508677005767822e-01
-1.476508677005767822e-01
-1.476508677005767822e-01
-1.476508677005767822e-01
-1.476508677005767822e-01
-3.029047548770904541e-01
-6.144523620605468750e-01
-6.882498264312744141e-01
-5.023795962333679199e-01
-7.811926007270812988e-01
-6.680888682603836060e-02
1.365338087081909180e+00
-1.112075328826904297e+00
-3.483233749866485596e-01
3.270715177059173584e-01
1.904287487268447876e-01
1.530386507511138916e-01
2.781497240066528320e-01
2.948653697967529297e-01
-3.785588741302490234e-01
8.659746050834655762e-01
2.584551095962524414e+00
1.931928277015686035e+00
-2.339635416865348816e-02
-2.417859077453613281e+00
-4.864207506179809570e-01
1.606476426124572754e+00
-9.622321277856826782e-02
-1.476508677005767822e-01
-1.476508677005767822e-01
-1.476508677005767822e-01
-1.476508677005767822e-01
-1.476508677005767822e-01
-1.737971603870391846e-01
-2.375637441873550415e-01
-3.043515086174011230e-01
-4.936017394065856934e-01
-1.424947142601013184e+00
-9.786276817321777344e-01
2.516427040100097656e+00
-5.452826246619224548e-02
-9.628425240516662598e-01
1.915833652019500732e-01
2.584443688392639160e-01
1.014053262770175934e-02
-7.580489851534366608e-03
4.182414151728153229e-03
-1.175836205482482910e+00
8.971942961215972900e-02
2.116342306137084961e+00
1.009155392646789551e+00
-7.265279293060302734e-01
-2.413602828979492188e+00
-2.240970581769943237e-01
1.672705411911010742e+00
-1.368639916181564331e-01
-1.476508677005767822e-01
-1.476508677005767822e-01
-1.476508677005767822e-01
-1.476508677005767822e-01
-1.476508677005767822e-01
-1.476508677005767822e-01
-1.476508677005767822e-01
-1.621765792369842529e-01
-2.990312576293945312e-01
-1.345031857490539551e+00
-1.574577689170837402e+00
3.288144588470458984e+00
7.488948702812194824e-01
-3.039569377899169922e+00
-4.667656123638153076e-01
7.225299477577209473e-01
2.982274889945983887e-01
-1.346094012260437012e-01
-1.317042410373687744e-01
-1.483096718788146973e+00
-3.963581323623657227e-01
1.859111905097961426e+00
5.959894657135009766e-01
-6.173841953277587891e-01
-1.726622104644775391e+00
9.234075248241424561e-02
1.387468695640563965e+00
-1.476508677005767822e-01
-1.476508677005767822e-01
-1.476508677005767822e-01
-1.476508677005767822e-01
-1.476508677005767822e-01
-1.476508677005767822e-01
-1.476508677005767822e-01
-1.476508677005767822e-01
-1.476508677005767822e-01
-1.768446564674377441e-01
-5.603905320167541504e-01
-1.743684887886047363e+00
1.765289068222045898e+00
3.336008787155151367e-01
-4.044360160827636719e+00
1.177992522716522217e-01
1.427023649215698242e+00
5.444887876510620117e-01
-1.476508677005767822e-01
-1.476508677005767822e-01
-1.454232335090637207e+00
-7.327573299407958984e-01
1.644487619400024414e+00
9.184231758117675781e-01
5.299153923988342285e-02
-1.299461960792541504e+00
-1.411514431238174438e-01
8.113555908203125000e-01
-1.476508677005767822e-01
-1.476508677005767822e-01
-1.476508677005767822e-01
-1.476508677005767822e-01
-1.476508677005767822e-01
-1.476508677005767822e-01
-1.476508677005767822e-01
-1.476508677005767822e-01
-1.476508677005767822e-01
-1.505559980869293213e-01
-1.873382031917572021e-01
-1.581079959869384766e+00
7.983606308698654175e-02
4.950700998306274414e-01
-2.404239892959594727e+00
1.210296511650085449e+00
1.262939453125000000e+00
3.107791244983673096e-01
-1.476508677005767822e-01
-1.476508677005767822e-01
-1.549609184265136719e+00
-7.333080172538757324e-01
2.212081909179687500e+00
1.941227674484252930e+00
-1.237184330821037292e-01
-2.037426471710205078e+00
-3.909873068332672119e-01
7.700979113578796387e-01
-1.476508677005767822e-01
-1.476508677005767822e-01
-1.476508677005767822e-01
-1.476508677005767822e-01
-1.476508677005767822e-01
-1.476508677005767822e-01
-1.476508677005767822e-01
-1.476508677005767822e-01
-1.476508677005767822e-01
-1.476508677005767822e-01
-1.476508677005767822e-01
-1.409813046455383301e+00
9.504877030849456787e-03
1.148109793663024902e+00
-9.685522913932800293e-01
5.631993412971496582e-01
4.709402918815612793e-01
2.987707592546939850e-02
-1.476508677005767822e-01
-1.476508677005767822e-01
-1.503241062164306641e+00
-4.385252892971038818e-01
2.474990844726562500e+00
2.017937183380126953e+00
-7.411935329437255859e-01
-2.783593893051147461e+00
-3.552396595478057861e-01
1.084169268608093262e+00
-1.476508677005767822e-01
-1.476508677005767822e-01
-1.476508677005767822e-01
-1.476508677005767822e-01
-1.476508677005767822e-01
-1.476508677005767822e-01
-1.476508677005767822e-01
-1.476508677005767822e-01
-1.476508677005767822e-01
-1.476508677005767822e-01
-1.476508677005767822e-01
-5.613198876380920410e-01
-1.745821684598922729e-01
5.996239781379699707e-01
-6.342872977256774902e-01
1.149043347686529160e-02
4.597330465912818909e-02
-1.224814653396606445e-01
-1.476508677005767822e-01
-1.476508677005767822e-01
-1.282766819000244141e+00
-3.178045749664306641e-01
1.833177685737609863e+00
1.389094471931457520e+00
-4.657062590122222900e-01
-2.702652215957641602e+00
-4.555124938488006592e-01
1.347533941268920898e+00
-1.476508677005767822e-01
-1.476508677005767822e-01
-1.476508677005767822e-01
-1.476508677005767822e-01
-1.476508677005767822e-01
-1.476508677005767822e-01
-1.476508677005767822e-01
-1.476508677005767822e-01
-1.476508677005767822e-01
-1.476508677005767822e-01
-1.476508677005767822e-01
-1.708920001983642578e-01
-1.513941586017608643e-01
-1.003749072551727295e-01
-1.761999428272247314e-01
-1.439947634935379028e-01
-1.332683414220809937e-01
-1.476508677005767822e-01
-1.476508677005767822e-01
-1.504510343074798584e-01
-1.476719498634338379e+00
-2.007198780775070190e-01
1.836288571357727051e+00
1.159795641899108887e+00
-1.378472894430160522e-01
-2.504590988159179688e+00
-5.519366264343261719e-01
1.434764981269836426e+00
-1.476508677005767822e-01
-1.476508677005767822e-01
-1.476508677005767822e-01
-1.476508677005767822e-01
-1.476508677005767822e-01
-1.476508677005767822e-01
-1.476508677005767822e-01
-1.476508677005767822e-01
-1.476508677005767822e-01
-1.476508677005767822e-01
-1.476508677005767822e-01
-1.476508677005767822e-01
-1.476508677005767822e-01
-1.476508677005767822e-01
-1.476508677005767822e-01
-1.476508677005767822e-01
-1.476508677005767822e-01
-1.476508677005767822e-01
-1.476508677005767822e-01
-1.695920675992965698e-01
-1.677919387817382812e+00
-6.965339928865432739e-02
2.312919139862060547e+00
1.044981002807617188e+00
-2.213673293590545654e-01
-2.443869352340698242e+00
-5.638296008110046387e-01
1.462924122810363770e+00
-1.476508677005767822e-01
-1.476508677005767822e-01
-1.476508677005767822e-01
-1.476508677005767822e-01
-1.476508677005767822e-01
-1.476508677005767822e-01
-1.476508677005767822e-01
-1.476508677005767822e-01
-1.476508677005767822e-01
-1.476508677005767822e-01
-1.476508677005767822e-01
-1.476508677005767822e-01
-1.476508677005767822e-01
-1.476508677005767822e-01
-1.476508677005767822e-01
-1.476508677005767822e-01
-1.476508677005767822e-01
-1.476508677005767822e-01
-1.476508677005767822e-01
-2.211220413446426392e-01
-1.706641793251037598e+00
2.738303244113922119e-01
2.707321405410766602e+00
8.796577453613281250e-01
-5.852530002593994141e-01
-2.568862915039062500e+00
-5.354210734367370605e-01
1.534309625625610352e+00
-1.476508677005767822e-01
-1.476508677005767822e-01
-1.476508677005767822e-01
-1.476508677005767822e-01
-1.476508677005767822e-01
-1.476508677005767822e-01
-1.476508677005767822e-01
-1.476508677005767822e-01
-1.476508677005767822e-01
-1.476508677005767822e-01
-1.476508677005767822e-01
-1.476508677005767822e-01
-1.476508677005767822e-01
-1.476508677005767822e-01
-1.476508677005767822e-01
-1.476508677005767822e-01
-1.476508677005767822e-01
-1.476508677005767822e-01
-1.476508677005767822e-01
-3.307633399963378906e-01
-1.513875961303710938e+00
6.977439522743225098e-01
2.825115442276000977e+00
2.179706245660781860e-01
-1.274968981742858887e+00
-2.669537305831909180e+00
-4.103066325187683105e-01
1.699561238288879395e+00
-1.476508677005767822e-01
-1.476508677005767822e-01
-1.476508677005767822e-01
-1.476508677005767822e-01
-1.476508677005767822e-01
-1.476508677005767822e-01
-1.476508677005767822e-01
-1.476508677005767822e-01
-1.476508677005767822e-01
-1.476508677005767822e-01
-1.476508677005767822e-01
-1.476508677005767822e-01
-1.476508677005767822e-01
-1.476508677005767822e-01
-1.476508677005767822e-01
-1.476508677005767822e-01
-1.476508677005767822e-01
-1.476508677005767822e-01
-1.476508677005767822e-01
-5.140726566314697266e-01
-1.158383369445800781e+00
1.022645235061645508e+00
2.545217037200927734e+00
-5.431397557258605957e-01
-1.483343005180358887e+00
-2.037971258163452148e+00
9.544041007757186890e-02
1.722543358802795410e+00
-1.476508677005767822e-01
-1.476508677005767822e-01
-1.476508677005767822e-01
-1.476508677005767822e-01
-1.476508677005767822e-01
-1.476508677005767822e-01
-1.476508677005767822e-01
-1.476508677005767822e-01
-1.476508677005767822e-01
-1.476508677005767822e-01
-1.476508677005767822e-01
-1.476508677005767822e-01
-1.476508677005767822e-01
-1.476508677005767822e-01
-1.476508677005767822e-01
-1.476508677005767822e-01
-1.476508677005767822e-01
-1.476508677005767822e-01
-1.476508677005767822e-01
-6.578108072280883789e-01
-1.007033944129943848e+00
1.082479715347290039e+00
2.156780004501342773e+00
-7.135260105133056641e-01
-1.293874263763427734e+00
-1.374744057655334473e+00
1.878219544887542725e-01
1.247657060623168945e+00
-1.476508677005767822e-01
-1.476508677005767822e-01
-1.476508677005767822e-01
-1.476508677005767822e-01
-1.476508677005767822e-01
-1.476508677005767822e-01
-1.476508677005767822e-01
-1.476508677005767822e-01
-1.476508677005767822e-01
-1.476508677005767822e-01
-1.476508677005767822e-01
-1.476508677005767822e-01
-1.476508677005767822e-01
-1.476508677005767822e-01
-1.476508677005767822e-01
-1.476508677005767822e-01
-1.476508677005767822e-01
-1.476508677005767822e-01
-1.476508677005767822e-01
-8.164634108543395996e-01
-9.479931592941284180e-01
9.473351836204528809e-01
2.007371664047241211e+00
-3.761568367481231689e-01
-1.848762512207031250e+00
-1.441016674041748047e+00
3.130976855754852295e-01
1.080234408378601074e+00
-1.476508677005767822e-01
-1.476508677005767822e-01
-1.476508677005767822e-01
-1.476508677005767822e-01
-1.476508677005767822e-01
-1.476508677005767822e-01
-1.476508677005767822e-01
-1.476508677005767822e-01
-1.476508677005767822e-01
-1.476508677005767822e-01
-1.476508677005767822e-01
-1.476508677005767822e-01
-1.476508677005767822e-01
-1.476508677005767822e-01
-1.476508677005767822e-01
-1.476508677005767822e-01
-1.476508677005767822e-01
-1.476508677005767822e-01
-1.476508677005767822e-01
-1.126670360565185547e+00
-8.016227483749389648e-01
1.255503296852111816e+00
1.871919751167297363e+00
-3.351113498210906982e-01
-2.392464160919189453e+00
-1.275340318679809570e+00
9.124934077262878418e-01
1.000970602035522461e+00
-1.476508677005767822e-01
-1.476508677005767822e-01
-1.476508677005767822e-01
-1.476508677005767822e-01
-1.476508677005767822e-01
-1.476508677005767822e-01
-1.476508677005767822e-01
-1.476508677005767822e-01
-1.476508677005767822e-01
-1.476508677005767822e-01
-1.476508677005767822e-01
-1.476508677005767822e-01
-1.476508677005767822e-01
-1.476508677005767822e-01
-1.476508677005767822e-01
-1.476508677005767822e-01
-1.476508677005767822e-01
-1.476508677005767822e-01
-1.476508677005767822e-01
-1.352759003639221191e+00
-6.073583364486694336e-01
1.780736684799194336e+00
1.746501445770263672e+00
-7.346783280372619629e-01
-2.544020414352416992e+00
-6.221326589584350586e-01
1.276789784431457520e+00
6.914141178131103516e-01
-1.476508677005767822e-01
-1.476508677005767822e-01
-1.476508677005767822e-01
-1.476508677005767822e-01
-1.476508677005767822e-01
-1.476508677005767822e-01
-1.476508677005767822e-01
-1.476508677005767822e-01
-1.476508677005767822e-01
-1.476508677005767822e-01
-1.476508677005767822e-01
-1.476508677005767822e-01
-1.476508677005767822e-01
-1.476508677005767822e-01
-1.476508677005767822e-01
-1.476508677005767822e-01
-1.476508677005767822e-01
-1.476508677005767822e-01
-1.476508677005767822e-01
-1.476484179496765137e+00
-2.609205543994903564e-01
2.085343360900878906e+00
1.475182175636291504e+00
-1.158837914466857910e+00
-2.665789127349853516e+00
-1.643238067626953125e-01
1.426850318908691406e+00
3.032335340976715088e-01
-1.476508677005767822e-01
-1.476508677005767822e-01
-1.476508677005767822e-01
-1.476508677005767822e-01
-1.476508677005767822e-01
-1.476508677005767822e-01
-1.476508677005767822e-01
-1.476508677005767822e-01
-1.476508677005767822e-01
-1.476508677005767822e-01
-1.476508677005767822e-01
-1.476508677005767822e-01
-1.476508677005767822e-01
-1.476508677005767822e-01
-1.476508677005767822e-01
-1.476508677005767822e-01
-1.476508677005767822e-01
-1.476508677005767822e-01
-1.476508677005767822e-01
-1.342700004577636719e+00
-2.443927079439163208e-01
1.603524565696716309e+00
3.352533876895904541e-01
-1.464346528053283691e+00
-2.491546869277954102e+00
1.180663555860519409e-01
1.524045586585998535e+00
3.092041611671447754e-02
-1.476508677005767822e-01
-1.476508677005767822e-01
-1.476508677005767822e-01
-1.476508677005767822e-01
-1.476508677005767822e-01
-1.476508677005767822e-01
-1.476508677005767822e-01
-1.476508677005767822e-01
-1.476508677005767822e-01
-1.476508677005767822e-01
-1.476508677005767822e-01
-1.476508677005767822e-01
-1.476508677005767822e-01
-1.476508677005767822e-01
-1.476508677005767822e-01
-1.476508677005767822e-01
-1.476508677005767822e-01
-1.476508677005767822e-01
-1.476508677005767822e-01
-1.139520645141601562e+00
-5.305626988410949707e-01
3.268777132034301758e-01
-1.663085699081420898e+00
-2.140677213668823242e+00
-1.738153815269470215e+00
8.204079270362854004e-01
1.601621508598327637e+00
-9.622321277856826782e-02
-1.476508677005767822e-01
-1.476508677005767822e-01
-1.476508677005767822e-01
-1.476508677005767822e-01
-1.476508677005767822e-01
-1.476508677005767822e-01
