-3.657411575317382812e+00
-4.095836162567138672e+00
-5.346772193908691406e+00
-5.180477619171142578e+00
-4.424673557281494141e+00
-2.639087200164794922e+00
-5.767509937286376953e-01
1.833496242761611938e-01
-2.222220897674560547e-01
-6.507229804992675781e-02
2.262565135955810547e+00
3.645878553390502930e+00
4.236610889434814453e+00
4.440712928771972656e+00
5.359253406524658203e+00
4.513173580169677734e+00
3.286051988601684570e+00
1.619799017906188965e+00
2.266326248645782471e-01
1.289770603179931641e-01
1.047623157501220703e+00
1.797334790229797363e+00
2.175924777984619141e+00
1.438035607337951660e+00
7.594328522682189941e-01
-6.689630150794982910e-01
1.900930255651473999e-01
5.889120101928710938e-01
5.101453065872192383e-01
6.795706748962402344e-01
3.972424566745758057e-01
-1.292159557342529297e-01
1.064744830131530762e+00
-2.707197368144989014e-01
7.257732152938842773e-01
1.008986711502075195e+00
1.400771379470825195e+00
3.245595693588256836e-01
-8.284689784049987793e-01
1.349027156829833984e-01
6.054296493530273438e-01
5.488477945327758789e-01
5.243555828928947449e-02
-1.408299088478088379e+00
8.376625776290893555e-01
-1.490696072578430176e-01
-3.189743757247924805e-01
-1.224016770720481873e-01
-4.786783456802368164e-01
4.397450983524322510e-01
-3.306129276752471924e-01
-5.627156496047973633e-01
-5.937250256538391113e-01
-1.140389442443847656e+00
-1.528488937765359879e-03
-4.334619045257568359e-01
6.532570123672485352e-01
4.560688436031341553e-01
-6.889089941978454590e-01
4.353790879249572754e-01
-5.206706523895263672e-01
-2.320441231131553650e-02
-1.240921989083290100e-01
-1.070949912071228027e+00
3.856946527957916260e-01
-6.459619104862213135e-02
3.678622543811798096e-01
-1.442572921514511108e-01
-4.090611040592193604e-01
5.754464864730834961e-01
-2.413260936737060547e-01
-1.983683407306671143e-01
-3.980213105678558350e-01
-7.822375893592834473e-01
1.315758377313613892e-02
-2.922684550285339355e-01
5.204510688781738281e-01
3.404959738254547119e-01
-2.859268188476562500e-01
5.755334496498107910e-01
-1.768829226493835449e-01
-1.760618090629577637e-01
-2.928995788097381592e-01
-9.212777018547058105e-01
-1.177953705191612244e-01
2.259698510169982910e-02
8.694673776626586914e-01
2.102226316928863525e-01
-2.328114211559295654e-01
6.856184005737304688e-01
-1.744451224803924561e-01
-1.744451224803924561e-01
-3.575915992259979248e-01
-4.263222515583038330e-01
6.284680962562561035e-01
2.109080255031585693e-01
4.978654980659484863e-01
2.453517317771911621e-01
-1.035277247428894043e-01
7.165147662162780762e-01
