8.340862393379211426e-01
9.377664327621459961e-01
4.883148670196533203e-01
3.289838423370383680e-05
-7.142168760765343904e-05
-8.662316395202651620e-05
1.375455576635431498e-05
4.651494236895814538e-05
4.264319159119622782e-06
8.145921230316162109e-01
8.619439005851745605e-01
1.153985738754272461e+00
4.084844291210174561e-01
4.493860615184530616e-05
1.238251861650496721e-04
3.106724761892110109e-05
-7.677449320908635855e-05
-4.688180342782288790e-04
1.505233645439147949e+00
1.206532478332519531e+00
8.364837765693664551e-01
7.589699625968933105e-01
7.446503043174743652e-01
2.990385110024362803e-05
-8.302753121824935079e-05
1.253886875929310918e-04
1.803390841814689338e-05
5.962269902229309082e-01
7.315764427185058594e-01
7.539098262786865234e-01
7.615837454795837402e-01
7.614135742187500000e-01
1.312772154808044434e+00
3.463535010814666748e-01
-4.165193968219682574e-05
6.431465590139850974e-05
3.385327772775781341e-06
6.779871135950088501e-02
-1.006068373499147128e-06
6.208143830299377441e-01
7.525597810745239258e-01
5.189368724822998047e-01
1.480889916419982910e+00
9.291626214981079102e-01
1.700372397899627686e-01
2.217798464698716998e-05
-2.129774838977027684e-05
-1.572924520587548614e-05
6.129227280616760254e-01
1.145915031433105469e+00
7.529382705688476562e-01
5.182515382766723633e-01
9.501217007637023926e-01
2.283307909965515137e-01
1.642264276742935181e-01
2.806809061439707875e-05
-8.014335435291286558e-06
-4.775710635840368923e-07
1.325253009796142578e+00
1.090773463249206543e+00
7.809582352638244629e-01
9.121472239494323730e-01
4.443267881870269775e-01
1.010301411151885986e-01
1.465880498290061951e-02
-1.670670485509617720e-06
-5.531059741770150140e-06
3.373195230960845947e-01
1.081648588180541992e+00
7.902877330780029297e-01
8.385873436927795410e-01
9.400515556335449219e-01
3.567132651805877686e-01
-1.448081434318737593e-06
1.217136923514772207e-05
-2.927258174167945981e-05
1.316074132919311523e+00
4.307737648487091064e-01
7.322061657905578613e-01
9.047633409500122070e-01
8.534522652626037598e-01
6.688180565834045410e-01
4.463542401790618896e-01
-7.309280590561684221e-06
-1.710520336928311735e-05
9.487174793321173638e-06
1.001528501510620117e+00
5.115219354629516602e-01
1.038368821144104004e+00
1.071458816528320312e+00
8.579274415969848633e-01
5.389546751976013184e-01
6.885035634040832520e-01
-1.267757852474460378e-05
2.820624411106109619e-01
-2.603784014354459941e-05
-6.440335710067301989e-06
6.059598922729492188e-01
1.443329930305480957e+00
1.261379718780517578e+00
